109 84 2.060000
o1 65 (92,5, 0.029893) (92,6, 0.446553) (92,7, 0.446553) (92,8, 0.446553) (92,9, 0.167371) (93,5, 0.066942) (93,6, 1.000000) (93,7, 1.000000) (93,8, 1.000000) (93,9, 0.374806) (94,5, 0.066942) (94,6, 1.000000) (94,7, 1.000000) (94,8, 1.000000) (94,9, 0.374806) (95,5, 0.066942) (95,6, 1.000000) (95,7, 1.000000) (95,8, 1.000000) (95,9, 0.374806) (96,5, 0.066942) (96,6, 1.000000) (96,7, 1.000000) (96,8, 1.000000) (96,9, 0.374806) (97,5, 0.066942) (97,6, 1.000000) (97,7, 1.000000) (97,8, 1.000000) (97,9, 0.374806) (98,5, 0.066942) (98,6, 1.000000) (98,7, 1.000000) (98,8, 1.000000) (98,9, 0.374806) (99,5, 0.066942) (99,6, 1.000000) (99,7, 1.000000) (99,8, 1.000000) (99,9, 0.374806) (100,5, 0.066942) (100,6, 1.000000) (100,7, 1.000000) (100,8, 1.000000) (100,9, 0.374806) (101,5, 0.066942) (101,6, 1.000000) (101,7, 1.000000) (101,8, 1.000000) (101,9, 0.374806) (102,5, 0.066942) (102,6, 1.000000) (102,7, 1.000000) (102,8, 1.000000) (102,9, 0.374806) (103,5, 0.066942) (103,6, 1.000000) (103,7, 1.000000) (103,8, 1.000000) (103,9, 0.374806) (104,5, 0.039778) (104,6, 0.594223) (104,7, 0.594223) (104,8, 0.594223) (104,9, 0.222718)
o2 12 (92,9, 0.432875) (92,10, 0.446553) (92,11, 0.446553) (92,12, 0.363768) (93,9, 0.969369) (93,10, 1.000000) (93,11, 1.000000) (93,12, 0.814612) (94,9, 0.264977) (94,10, 0.273350) (94,11, 0.273350) (94,12, 0.222674)
o3 17 (10,13, 0.250359) (11,13, 0.276699) (12,13, 0.276699) (13,13, 0.276699) (14,13, 0.276699) (15,13, 0.276699) (16,13, 0.276699) (17,13, 0.276699) (18,13, 0.276699) (19,13, 0.276699) (20,13, 0.276699) (21,13, 0.276699) (22,13, 0.276699) (23,13, 0.276699) (24,13, 0.276699) (25,13, 0.276699) (26,13, 0.018147)
o4 9 (9,14, 0.291923) (9,15, 0.627136) (9,16, 0.159554) (10,14, 0.465485) (10,15, 1.000000) (10,16, 0.254417) (11,14, 0.043182) (11,15, 0.092767) (11,16, 0.023602)
o5 12 (52,14, 0.265422) (52,15, 0.900922) (52,16, 0.900922) (52,17, 0.412894) (53,14, 0.294612) (53,15, 1.000000) (53,16, 1.000000) (53,17, 0.458301) (54,14, 0.250577) (54,15, 0.850534) (54,16, 0.850534) (54,17, 0.389801)
o6 28 (25,7, 0.012252) (26,7, 0.275243) (27,7, 0.275243) (28,7, 0.275243) (29,7, 0.275243) (30,7, 0.275243) (31,7, 0.275243) (32,7, 0.275243) (33,7, 0.275243) (34,7, 0.275243) (35,7, 0.275243) (36,7, 0.275243) (37,7, 0.275243) (38,7, 0.275243) (39,7, 0.275243) (40,7, 0.275243) (41,7, 0.275243) (42,7, 0.275243) (43,7, 0.275243) (44,7, 0.275243) (45,7, 0.275243) (46,7, 0.275243) (47,7, 0.275243) (48,7, 0.275243) (49,7, 0.275243) (50,7, 0.275243) (51,7, 0.275243) (52,7, 0.102895)
o7 14 (25,7, 0.094235) (25,8, 0.209660) (25,9, 0.209660) (25,10, 0.209660) (25,11, 0.209660) (25,12, 0.209660) (25,13, 0.075427) (26,7, 0.029477) (26,8, 0.065583) (26,9, 0.065583) (26,10, 0.065583) (26,11, 0.065583) (26,12, 0.065583) (26,13, 0.023594)
o8 2 (52,14, 0.743523) (53,14, 0.278075)
o9 3 (10,13, 0.160990) (10,14, 0.275243) (10,15, 0.061235)
o10 4 (54,14, 0.125096) (54,15, 0.401340) (55,14, 0.117859) (55,15, 0.378124)
o11 4 (51,16, 0.351522) (51,17, 0.206658) (52,16, 0.291731) (52,17, 0.171507)
o12 4 (53,17, 0.316842) (53,18, 0.003219) (54,17, 0.694878) (54,18, 0.007060)
o13 8 (52,7, 0.078119) (52,8, 0.274757) (52,9, 0.274757) (52,10, 0.274757) (52,11, 0.274757) (52,12, 0.274757) (52,13, 0.274757) (52,14, 0.103141)
o14 17 (84,13, 0.149350) (85,13, 0.276699) (86,13, 0.276699) (87,13, 0.276699) (88,13, 0.276699) (89,13, 0.276699) (90,13, 0.276699) (91,13, 0.276699) (92,13, 0.276699) (93,13, 0.276699) (94,13, 0.276699) (95,13, 0.276699) (96,13, 0.276699) (97,13, 0.276699) (98,13, 0.276699) (99,13, 0.276699) (100,13, 0.119558)
o15 9 (99,14, 0.263225) (99,15, 0.565485) (99,16, 0.143869) (100,14, 0.465485) (100,15, 1.000000) (100,16, 0.254417) (101,14, 0.071879) (101,15, 0.154417) (101,16, 0.039287)
o16 16 (55,14, 0.095091) (55,15, 0.322767) (55,16, 0.322767) (55,17, 0.147924) (56,14, 0.294612) (56,15, 1.000000) (56,16, 1.000000) (56,17, 0.458301) (57,14, 0.294612) (57,15, 1.000000) (57,16, 1.000000) (57,17, 0.458301) (58,14, 0.126297) (58,15, 0.428689) (58,16, 0.428689) (58,17, 0.196469)
o17 30 (55,7, 0.088839) (56,7, 0.275243) (57,7, 0.275243) (58,7, 0.275243) (59,7, 0.275243) (60,7, 0.275243) (61,7, 0.275243) (62,7, 0.275243) (63,7, 0.275243) (64,7, 0.275243) (65,7, 0.275243) (66,7, 0.275243) (67,7, 0.275243) (68,7, 0.275243) (69,7, 0.275243) (70,7, 0.275243) (71,7, 0.275243) (72,7, 0.275243) (73,7, 0.275243) (74,7, 0.275243) (75,7, 0.275243) (76,7, 0.275243) (77,7, 0.275243) (78,7, 0.275243) (79,7, 0.275243) (80,7, 0.275243) (81,7, 0.275243) (82,7, 0.275243) (83,7, 0.275243) (84,7, 0.157142)
o18 7 (84,7, 0.124367) (84,8, 0.276699) (84,9, 0.276699) (84,10, 0.276699) (84,11, 0.276699) (84,12, 0.276699) (84,13, 0.099544)
o19 2 (55,14, 0.266377) (56,14, 0.755622)
o20 3 (100,13, 0.160706) (100,14, 0.274757) (100,15, 0.061127)
o21 2 (58,14, 0.243098) (58,15, 0.779923)
o22 2 (55,16, 0.644767) (55,17, 0.379055)
o23 4 (57,17, 0.661485) (57,18, 0.006721) (58,17, 0.350235) (58,18, 0.003559)
o24 8 (55,7, 0.078119) (55,8, 0.274757) (55,9, 0.274757) (55,10, 0.274757) (55,11, 0.274757) (55,12, 0.274757) (55,13, 0.274757) (55,14, 0.103141)
o25 3 (21,7, 0.094818) (21,8, 0.274757) (21,9, 0.102981)
o26 6 (88,7, 0.008024) (88,8, 0.023252) (88,9, 0.008715) (89,7, 0.086794) (89,8, 0.251505) (89,9, 0.094265)
o27 22 (27,8, 0.076146) (28,8, 0.276699) (29,8, 0.276699) (30,8, 0.276699) (31,8, 0.276699) (32,8, 0.276699) (33,8, 0.276699) (34,8, 0.276699) (35,8, 0.276699) (36,8, 0.276699) (37,8, 0.276699) (38,8, 0.276699) (39,8, 0.276699) (40,8, 0.276699) (41,8, 0.276699) (42,8, 0.276699) (43,8, 0.276699) (44,8, 0.276699) (45,8, 0.276699) (46,8, 0.276699) (47,8, 0.276699) (48,8, 0.220164)
o28 30 (13,13, 0.082142) (13,14, 0.045845) (14,13, 0.176650) (14,14, 0.098592) (15,13, 0.176650) (15,14, 0.098592) (16,13, 0.176650) (16,14, 0.098592) (17,13, 0.176650) (17,14, 0.098592) (18,13, 0.176650) (18,14, 0.098592) (19,13, 0.176650) (19,14, 0.098592) (20,13, 0.176650) (20,14, 0.098592) (21,13, 0.176650) (21,14, 0.098592) (22,13, 0.176650) (22,14, 0.098592) (23,13, 0.176650) (23,14, 0.098592) (24,13, 0.176650) (24,14, 0.098592) (25,13, 0.176650) (25,14, 0.098592) (26,13, 0.176650) (26,14, 0.098592) (27,13, 0.176573) (27,14, 0.098549)
o29 9 (12,14, 0.087199) (12,15, 0.187330) (12,16, 0.047660) (13,14, 0.465485) (13,15, 1.000000) (13,16, 0.254417) (14,14, 0.247905) (14,15, 0.532573) (14,16, 0.135496)
o30 16 (48,14, 0.141142) (48,15, 0.479078) (48,16, 0.479078) (48,17, 0.219562) (49,14, 0.294612) (49,15, 1.000000) (49,16, 1.000000) (49,17, 0.458301) (50,14, 0.294612) (50,15, 1.000000) (50,16, 1.000000) (50,17, 0.458301) (51,14, 0.080675) (51,15, 0.273835) (51,16, 0.273835) (51,17, 0.125499)
o31 6 (27,8, 0.201520) (27,9, 0.274757) (27,10, 0.274757) (27,11, 0.274757) (27,12, 0.274757) (27,13, 0.256471)
o32 2 (48,14, 0.395379) (49,14, 0.626220)
o33 3 (13,13, 0.003167) (13,14, 0.275243) (13,15, 0.061235)
o34 4 (50,14, 0.000429) (50,15, 0.001376) (51,14, 0.242711) (51,15, 0.778684)
o35 4 (47,16, 0.022668) (47,17, 0.013326) (48,16, 0.620699) (48,17, 0.364905)
o36 4 (50,17, 0.789189) (50,18, 0.008018) (51,17, 0.223720) (51,18, 0.002273)
o37 7 (48,8, 0.201520) (48,9, 0.274757) (48,10, 0.274757) (48,11, 0.274757) (48,12, 0.274757) (48,13, 0.274757) (48,14, 0.133396)
o38 24 (59,8, 0.206571) (60,8, 0.276699) (61,8, 0.276699) (62,8, 0.276699) (63,8, 0.276699) (64,8, 0.276699) (65,8, 0.276699) (66,8, 0.276699) (67,8, 0.276699) (68,8, 0.276699) (69,8, 0.276699) (70,8, 0.276699) (71,8, 0.276699) (72,8, 0.276699) (73,8, 0.276699) (74,8, 0.276699) (75,8, 0.276699) (76,8, 0.276699) (77,8, 0.276699) (78,8, 0.276699) (79,8, 0.276699) (80,8, 0.276699) (81,8, 0.276699) (82,8, 0.221641)
o39 30 (82,13, 0.083772) (82,14, 0.046755) (83,13, 0.176650) (83,14, 0.098592) (84,13, 0.176650) (84,14, 0.098592) (85,13, 0.176650) (85,14, 0.098592) (86,13, 0.176650) (86,14, 0.098592) (87,13, 0.176650) (87,14, 0.098592) (88,13, 0.176650) (88,14, 0.098592) (89,13, 0.176650) (89,14, 0.098592) (90,13, 0.176650) (90,14, 0.098592) (91,13, 0.176650) (91,14, 0.098592) (92,13, 0.176650) (92,14, 0.098592) (93,13, 0.176650) (93,14, 0.098592) (94,13, 0.176650) (94,14, 0.098592) (95,13, 0.176650) (95,14, 0.098592) (96,13, 0.175287) (96,14, 0.097831)
o40 9 (95,14, 0.002463) (95,15, 0.005291) (95,16, 0.001346) (96,14, 0.465485) (96,15, 1.000000) (96,16, 0.254417) (97,14, 0.332641) (97,15, 0.714612) (97,16, 0.181810)
o41 16 (59,14, 0.219943) (59,15, 0.746553) (59,16, 0.746553) (59,17, 0.342146) (60,14, 0.294612) (60,15, 1.000000) (60,16, 1.000000) (60,17, 0.458301) (61,14, 0.294612) (61,15, 1.000000) (61,16, 1.000000) (61,17, 0.458301) (62,14, 0.002017) (62,15, 0.006845) (62,16, 0.006845) (62,17, 0.003137)
o42 6 (82,8, 0.201876) (82,9, 0.275243) (82,10, 0.275243) (82,11, 0.275243) (82,12, 0.275243) (82,13, 0.256924)
o43 2 (59,14, 0.616124) (60,14, 0.405875)
o44 3 (96,13, 0.003161) (96,14, 0.274757) (96,15, 0.061127)
o45 4 (61,14, 0.079102) (61,15, 0.253780) (62,14, 0.164053) (62,15, 0.526326)
o46 4 (58,16, 0.231182) (58,17, 0.135911) (59,16, 0.412222) (59,17, 0.242343)
o47 6 (60,17, 0.190724) (60,18, 0.001938) (61,17, 0.816990) (61,18, 0.008301) (62,17, 0.005592) (62,18, 0.000057)
o48 7 (59,8, 0.201520) (59,9, 0.274757) (59,10, 0.274757) (59,11, 0.274757) (59,12, 0.274757) (59,13, 0.274757) (59,14, 0.133396)
o49 6 (16,14, 0.347962) (16,15, 0.747524) (16,16, 0.190183) (17,14, 0.452628) (17,15, 0.972379) (17,16, 0.247390)
o50 30 (42,14, 0.238392) (42,15, 0.809175) (42,16, 0.809175) (42,17, 0.809175) (42,18, 0.006717) (43,14, 0.294612) (43,15, 1.000000) (43,16, 1.000000) (43,17, 1.000000) (43,18, 0.008301) (44,14, 0.294612) (44,15, 1.000000) (44,16, 1.000000) (44,17, 1.000000) (44,18, 0.008301) (45,14, 0.294612) (45,15, 1.000000) (45,16, 1.000000) (45,17, 1.000000) (45,18, 0.008301) (46,14, 0.294612) (46,15, 1.000000) (46,16, 1.000000) (46,17, 1.000000) (46,18, 0.008301) (47,14, 0.204383) (47,15, 0.693738) (47,16, 0.693738) (47,17, 0.693738) (47,18, 0.005759)
o51 8 (29,8, 0.095485) (29,9, 0.274757) (29,10, 0.274757) (29,11, 0.274757) (29,12, 0.274757) (29,13, 0.274757) (29,14, 0.274757) (29,15, 0.100820)
o52 16 (46,8, 0.045532) (46,9, 0.131019) (46,10, 0.131019) (46,11, 0.131019) (46,12, 0.131019) (46,13, 0.131019) (46,14, 0.131019) (46,15, 0.004675) (47,8, 0.050121) (47,9, 0.144223) (47,10, 0.144223) (47,11, 0.144223) (47,12, 0.144223) (47,13, 0.144223) (47,14, 0.144223) (47,15, 0.005146)
o53 13 (17,15, 0.196959) (18,15, 0.275243) (19,15, 0.275243) (20,15, 0.275243) (21,15, 0.275243) (22,15, 0.275243) (23,15, 0.275243) (24,15, 0.275243) (25,15, 0.275243) (26,15, 0.275243) (27,15, 0.275243) (28,15, 0.275243) (29,15, 0.257486)
o54 4 (47,14, 0.252351) (47,15, 0.809609) (48,14, 0.072380) (48,15, 0.232215)
o55 6 (41,16, 0.279621) (41,17, 0.358689) (41,18, 0.002977) (42,16, 0.577747) (42,17, 0.741117) (42,18, 0.006152)
o56 18 (29,8, 0.047922) (30,8, 0.274757) (31,8, 0.274757) (32,8, 0.274757) (33,8, 0.274757) (34,8, 0.274757) (35,8, 0.274757) (36,8, 0.274757) (37,8, 0.274757) (38,8, 0.274757) (39,8, 0.274757) (40,8, 0.274757) (41,8, 0.274757) (42,8, 0.274757) (43,8, 0.274757) (44,8, 0.274757) (45,8, 0.274757) (46,8, 0.269009)
o57 28 (62,14, 0.142231) (62,15, 0.168398) (62,16, 0.168398) (62,17, 0.077177) (63,14, 0.844612) (63,15, 1.000000) (63,16, 1.000000) (63,17, 0.458301) (64,14, 0.844612) (64,15, 1.000000) (64,16, 1.000000) (64,17, 0.458301) (65,14, 0.844612) (65,15, 1.000000) (65,16, 1.000000) (65,17, 0.458301) (66,14, 0.844612) (66,15, 1.000000) (66,16, 1.000000) (66,17, 0.458301) (67,14, 0.844612) (67,15, 1.000000) (67,16, 1.000000) (67,17, 0.458301) (68,14, 0.284175) (68,15, 0.336456) (68,16, 0.336456) (68,17, 0.154198)
o58 9 (92,14, 0.207864) (92,15, 0.446553) (92,16, 0.113611) (93,14, 0.465485) (93,15, 1.000000) (93,16, 0.254417) (94,14, 0.127240) (94,15, 0.273350) (94,16, 0.069545)
o59 14 (62,8, 0.058522) (62,9, 0.168398) (62,10, 0.168398) (62,11, 0.168398) (62,12, 0.168398) (62,13, 0.168398) (62,14, 0.081788) (63,8, 0.036962) (63,9, 0.106359) (63,10, 0.106359) (63,11, 0.106359) (63,12, 0.106359) (63,13, 0.106359) (63,14, 0.051657)
o60 8 (80,8, 0.095485) (80,9, 0.274757) (80,10, 0.274757) (80,11, 0.274757) (80,12, 0.274757) (80,13, 0.274757) (80,14, 0.274757) (80,15, 0.100820)
o61 4 (67,14, 0.180771) (67,15, 0.202299) (68,14, 0.748711) (68,15, 0.837873)
o62 4 (62,16, 0.560037) (62,17, 0.329243) (63,16, 0.297861) (63,17, 0.175111)
o63 14 (80,15, 0.112355) (81,15, 0.275243) (82,15, 0.275243) (83,15, 0.275243) (84,15, 0.275243) (85,15, 0.275243) (86,15, 0.275243) (87,15, 0.275243) (88,15, 0.275243) (89,15, 0.275243) (90,15, 0.275243) (91,15, 0.275243) (92,15, 0.275243) (93,15, 0.066446)
o64 19 (62,8, 0.000974) (63,8, 0.274757) (64,8, 0.274757) (65,8, 0.274757) (66,8, 0.274757) (67,8, 0.274757) (68,8, 0.274757) (69,8, 0.274757) (70,8, 0.274757) (71,8, 0.274757) (72,8, 0.274757) (73,8, 0.274757) (74,8, 0.274757) (75,8, 0.274757) (76,8, 0.274757) (77,8, 0.274757) (78,8, 0.274757) (79,8, 0.274757) (80,8, 0.192797)
o65 3 (18,10, 0.045868) (19,10, 0.274757) (20,10, 0.151930)
o66 2 (22,10, 0.199786) (23,10, 0.272770)
o67 3 (86,10, 0.127896) (87,10, 0.274757) (88,10, 0.069903)
o68 3 (89,10, 0.007056) (90,10, 0.274757) (91,10, 0.190743)
o69 6 (5,11, 0.060602) (5,12, 0.054532) (6,11, 0.905291) (6,12, 0.814612) (7,11, 0.589362) (7,12, 0.530328)
o70 6 (9,11, 0.567741) (9,12, 0.510872) (10,11, 0.905291) (10,12, 0.814612) (11,11, 0.083981) (11,12, 0.075569)
o71 6 (12,11, 0.169588) (12,12, 0.152601) (13,11, 0.905291) (13,12, 0.814612) (14,11, 0.482134) (14,12, 0.433840)
o72 8 (10,11, 0.108897) (10,12, 0.054925) (11,11, 0.182961) (11,12, 0.092282) (12,11, 0.182961) (12,12, 0.092282) (13,11, 0.091596) (13,12, 0.046199)
o73 2 (21,11, 0.248735) (21,12, 0.223820)
o74 4 (88,11, 0.021050) (88,12, 0.018942) (89,11, 0.227685) (89,12, 0.204879)
o75 6 (95,11, 0.004790) (95,12, 0.004310) (96,11, 0.905291) (96,12, 0.814612) (97,11, 0.646932) (97,12, 0.582131)
o76 6 (99,11, 0.511929) (99,12, 0.460651) (100,11, 0.905291) (100,12, 0.814612) (101,11, 0.139793) (101,12, 0.125790)
o77 8 (97,11, 0.178085) (97,12, 0.089822) (98,11, 0.182961) (98,12, 0.092282) (99,11, 0.182961) (99,12, 0.092282) (100,11, 0.022408) (100,12, 0.011302)
o78 6 (102,11, 0.113777) (102,12, 0.102380) (103,11, 0.905291) (103,12, 0.814612) (104,11, 0.537945) (104,12, 0.484061)
o79 9 (92,17, 0.011467) (92,18, 0.446553) (92,19, 0.310008) (93,17, 0.025680) (93,18, 1.000000) (93,19, 0.694223) (94,17, 0.007020) (94,18, 0.273350) (94,19, 0.189766)
o80 117 (69,11, 0.730844) (69,12, 0.838786) (69,13, 0.838786) (69,14, 0.838786) (69,15, 0.838786) (69,16, 0.964462) (69,17, 1.000000) (69,18, 1.000000) (69,19, 1.000000) (69,20, 0.485000) (70,11, 0.871311) (70,12, 1.000000) (70,13, 1.000000) (70,14, 1.000000) (70,15, 1.000000) (70,16, 1.000000) (70,17, 1.000000) (70,18, 1.000000) (70,19, 1.000000) (70,20, 0.485000) (71,11, 0.871311) (71,12, 1.000000) (71,13, 1.000000) (71,14, 1.000000) (71,15, 1.000000) (71,16, 1.000000) (71,17, 1.000000) (71,18, 1.000000) (71,19, 1.000000) (71,20, 0.485000) (72,11, 0.871311) (72,12, 1.000000) (72,13, 1.000000) (72,14, 1.000000) (72,15, 1.000000) (72,16, 1.000000) (72,17, 1.000000) (72,18, 1.000000) (72,19, 1.000000) (72,20, 0.485000) (73,11, 0.871311) (73,12, 1.000000) (73,13, 1.000000) (73,14, 1.000000) (73,15, 1.000000) (73,16, 1.000000) (73,17, 1.000000) (73,18, 1.000000) (73,19, 1.000000) (73,20, 0.485000) (74,11, 0.871311) (74,12, 1.000000) (74,13, 1.000000) (74,14, 1.000000) (74,15, 1.000000) (74,16, 1.000000) (74,17, 1.000000) (74,18, 1.000000) (74,19, 1.000000) (74,20, 0.485000) (75,11, 0.871311) (75,12, 1.000000) (75,13, 1.000000) (75,14, 1.000000) (75,15, 1.000000) (75,16, 1.000000) (75,17, 1.000000) (75,18, 1.000000) (75,19, 1.000000) (75,20, 0.485000) (76,11, 0.871311) (76,12, 1.000000) (76,13, 1.000000) (76,14, 1.000000) (76,15, 1.000000) (76,16, 1.000000) (76,17, 1.000000) (76,18, 1.000000) (76,19, 1.000000) (76,20, 0.485000) (77,11, 0.871311) (77,12, 1.000000) (77,13, 1.000000) (77,14, 1.000000) (77,15, 1.000000) (77,16, 1.000000) (77,17, 1.000000) (77,18, 1.000000) (77,19, 1.000000) (77,20, 0.485000) (78,11, 0.692015) (78,12, 0.794223) (78,13, 0.794223) (78,14, 0.794223) (78,15, 0.794223) (78,16, 0.794223) (78,17, 0.794223) (78,18, 0.794223) (78,19, 0.794223) (78,20, 0.385198) (68,16, 0.303084) (68,17, 0.551648) (68,18, 1.000000) (68,19, 1.000000) (68,20, 0.485000) (65,17, 0.257648) (65,18, 0.966942) (65,19, 0.966942) (65,20, 0.468967) (66,17, 0.266456) (66,18, 1.000000) (66,19, 1.000000) (66,20, 0.485000) (67,17, 0.266456) (67,18, 1.000000) (67,19, 1.000000) (67,20, 0.485000)
o81 18 (65,11, 0.842507) (65,12, 0.966942) (65,13, 0.851050) (66,11, 0.871311) (66,12, 1.000000) (66,13, 0.880146) (67,11, 0.871311) (67,12, 1.000000) (67,13, 0.880146) (68,11, 0.871311) (68,12, 1.000000) (68,13, 0.880146) (69,11, 0.871311) (69,12, 1.000000) (69,13, 0.880146) (70,11, 0.108491) (70,12, 0.124515) (70,13, 0.109591)
o82 17 (77,18, 0.160162) (78,18, 0.275243) (79,18, 0.275243) (80,18, 0.275243) (81,18, 0.275243) (82,18, 0.275243) (83,18, 0.275243) (84,18, 0.275243) (85,18, 0.275243) (86,18, 0.275243) (87,18, 0.275243) (88,18, 0.275243) (89,18, 0.275243) (90,18, 0.275243) (91,18, 0.275243) (92,18, 0.275243) (93,18, 0.066446)
o83 6 (16,17, 0.019196) (16,18, 0.747524) (16,19, 0.518949) (17,17, 0.024970) (17,18, 0.972379) (17,19, 0.675048)
o84 137 (31,11, 0.085615) (31,12, 0.266456) (31,13, 0.266456) (31,14, 0.266456) (31,15, 0.266456) (31,16, 0.266456) (31,17, 0.266456) (31,18, 0.266456) (31,19, 0.266456) (31,20, 0.266456) (31,21, 0.009843) (32,11, 0.321311) (32,12, 1.000000) (32,13, 1.000000) (32,14, 1.000000) (32,15, 1.000000) (32,16, 1.000000) (32,17, 1.000000) (32,18, 1.000000) (32,19, 1.000000) (32,20, 1.000000) (32,21, 0.036942) (33,11, 0.321311) (33,12, 1.000000) (33,13, 1.000000) (33,14, 1.000000) (33,15, 1.000000) (33,16, 1.000000) (33,17, 1.000000) (33,18, 1.000000) (33,19, 1.000000) (33,20, 1.000000) (33,21, 0.036942) (34,11, 0.321311) (34,12, 1.000000) (34,13, 1.000000) (34,14, 1.000000) (34,15, 1.000000) (34,16, 1.000000) (34,17, 1.000000) (34,18, 1.000000) (34,19, 1.000000) (34,20, 1.000000) (34,21, 0.036942) (35,11, 0.321311) (35,12, 1.000000) (35,13, 1.000000) (35,14, 1.000000) (35,15, 1.000000) (35,16, 1.000000) (35,17, 1.000000) (35,18, 1.000000) (35,19, 1.000000) (35,20, 1.000000) (35,21, 0.036942) (36,11, 0.321311) (36,12, 1.000000) (36,13, 1.000000) (36,14, 1.000000) (36,15, 1.000000) (36,16, 1.000000) (36,17, 1.000000) (36,18, 1.000000) (36,19, 1.000000) (36,20, 1.000000) (36,21, 0.036942) (37,11, 0.321311) (37,12, 1.000000) (37,13, 1.000000) (37,14, 1.000000) (37,15, 1.000000) (37,16, 1.000000) (37,17, 1.000000) (37,18, 1.000000) (37,19, 1.000000) (37,20, 1.000000) (37,21, 0.036942) (38,11, 0.321311) (38,12, 1.000000) (38,13, 1.000000) (38,14, 1.000000) (38,15, 1.000000) (38,16, 1.000000) (38,17, 1.000000) (38,18, 1.000000) (38,19, 1.000000) (38,20, 1.000000) (38,21, 0.036942) (39,11, 0.321311) (39,12, 1.000000) (39,13, 1.000000) (39,14, 1.000000) (39,15, 1.000000) (39,16, 1.000000) (39,17, 1.000000) (39,18, 1.000000) (39,19, 1.000000) (39,20, 1.000000) (39,21, 0.036942) (40,11, 0.321311) (40,12, 1.000000) (40,13, 1.000000) (40,14, 1.000000) (40,15, 1.000000) (40,16, 1.000000) (40,17, 1.000000) (40,18, 1.000000) (40,19, 1.000000) (40,20, 1.000000) (40,21, 0.036942) (41,11, 0.321311) (41,12, 1.000000) (41,13, 1.000000) (41,14, 0.952171) (41,15, 0.885925) (41,16, 0.366068) (41,17, 0.366068) (41,18, 0.366068) (41,19, 0.366068) (41,20, 0.366068) (41,21, 0.013523) (42,11, 0.321311) (42,12, 1.000000) (42,13, 1.000000) (42,14, 0.430146) (43,11, 0.321311) (43,12, 1.000000) (43,13, 1.000000) (43,14, 0.430146) (44,11, 0.321311) (44,12, 1.000000) (44,13, 1.000000) (44,14, 0.430146) (45,11, 0.158799) (45,12, 0.494223) (45,13, 0.494223) (45,14, 0.212588)
o85 24 (40,18, 0.427857) (40,19, 0.597184) (40,20, 0.597184) (40,21, 0.022061) (41,18, 0.716456) (41,19, 1.000000) (41,20, 1.000000) (41,21, 0.036942) (42,18, 0.716456) (42,19, 1.000000) (42,20, 1.000000) (42,21, 0.036942) (43,18, 0.716456) (43,19, 1.000000) (43,20, 1.000000) (43,21, 0.036942) (44,18, 0.716456) (44,19, 1.000000) (44,20, 1.000000) (44,21, 0.036942) (45,18, 0.354089) (45,19, 0.494223) (45,20, 0.494223) (45,21, 0.018257)
o86 16 (17,18, 0.196959) (18,18, 0.275243) (19,18, 0.275243) (20,18, 0.275243) (21,18, 0.275243) (22,18, 0.275243) (23,18, 0.275243) (24,18, 0.275243) (25,18, 0.275243) (26,18, 0.275243) (27,18, 0.275243) (28,18, 0.275243) (29,18, 0.275243) (30,18, 0.275243) (31,18, 0.275243) (32,18, 0.191788)
o87 9 (12,17, 0.004811) (12,18, 0.187330) (12,19, 0.130049) (13,17, 0.025680) (13,18, 1.000000) (13,19, 0.694223) (14,17, 0.013676) (14,18, 0.532573) (14,19, 0.369724)
o88 12 (52,18, 0.645471) (52,19, 0.900922) (52,20, 0.900922) (52,21, 0.033282) (53,18, 0.716456) (53,19, 1.000000) (53,20, 1.000000) (53,21, 0.036942) (54,18, 0.609370) (54,19, 0.850534) (54,20, 0.850534) (54,21, 0.031420)
o89 11 (13,20, 0.127988) (14,20, 0.275243) (15,20, 0.275243) (16,20, 0.275243) (17,20, 0.275243) (18,20, 0.275243) (19,20, 0.275243) (20,20, 0.275243) (21,20, 0.275243) (22,20, 0.275243) (23,20, 0.131355)
o90 4 (52,17, 0.240056) (52,18, 0.503511) (53,17, 0.089780) (53,18, 0.188311)
o91 4 (54,18, 0.304216) (54,19, 0.221396) (55,18, 0.286617) (55,19, 0.208588)
o92 6 (51,19, 0.091695) (51,20, 0.450922) (51,21, 0.016658) (52,19, 0.076098) (52,20, 0.374223) (52,21, 0.013824)
o93 4 (53,20, 0.092454) (53,21, 0.227437) (54,20, 0.202766) (54,21, 0.498801)
o94 3 (23,20, 0.115134) (23,21, 0.275243) (23,22, 0.179589)
o95 2 (13,19, 0.273519) (13,20, 0.144957)
o96 12 (46,20, 0.211452) (46,21, 0.032780) (47,20, 0.238301) (47,21, 0.036942) (48,20, 0.238301) (48,21, 0.036942) (49,20, 0.238301) (49,21, 0.036942) (50,20, 0.238301) (50,21, 0.036942) (51,20, 0.209499) (51,21, 0.032477)
o97 24 (23,22, 0.174191) (24,22, 0.275243) (25,22, 0.275243) (26,22, 0.275243) (27,22, 0.275243) (28,22, 0.275243) (29,22, 0.275243) (30,22, 0.275243) (31,22, 0.275243) (32,22, 0.275243) (33,22, 0.275243) (34,22, 0.275243) (35,22, 0.275243) (36,22, 0.275243) (37,22, 0.275243) (38,22, 0.275243) (39,22, 0.275243) (40,22, 0.275243) (41,22, 0.275243) (42,22, 0.275243) (43,22, 0.275243) (44,22, 0.275243) (45,22, 0.275243) (46,22, 0.106637)
o98 3 (46,20, 0.020100) (46,21, 0.274757) (46,22, 0.133897)
o99 9 (95,17, 0.000136) (95,18, 0.005291) (95,19, 0.003673) (96,17, 0.025680) (96,18, 1.000000) (96,19, 0.694223) (97,17, 0.018351) (97,18, 0.714612) (97,19, 0.496100)
o100 16 (55,18, 0.231248) (55,19, 0.322767) (55,20, 0.322767) (55,21, 0.011924) (56,18, 0.716456) (56,19, 1.000000) (56,20, 1.000000) (56,21, 0.036942) (57,18, 0.716456) (57,19, 1.000000) (57,20, 1.000000) (57,21, 0.036942) (58,18, 0.307137) (58,19, 0.428689) (58,20, 0.428689) (58,21, 0.015837)
o101 10 (87,20, 0.261334) (88,20, 0.275243) (89,20, 0.275243) (90,20, 0.275243) (91,20, 0.275243) (92,20, 0.275243) (93,20, 0.275243) (94,20, 0.275243) (95,20, 0.275243) (96,20, 0.273118)
o102 48 (64,21, 0.124954) (64,22, 0.074116) (65,21, 0.172767) (65,22, 0.102476) (66,21, 0.172767) (66,22, 0.102476) (67,21, 0.172767) (67,22, 0.102476) (68,21, 0.172767) (68,22, 0.102476) (69,21, 0.172767) (69,22, 0.102476) (70,21, 0.172767) (70,22, 0.102476) (71,21, 0.172767) (71,22, 0.102476) (72,21, 0.172767) (72,22, 0.102476) (73,21, 0.172767) (73,22, 0.102476) (74,21, 0.172767) (74,22, 0.102476) (75,21, 0.172767) (75,22, 0.102476) (76,21, 0.172767) (76,22, 0.102476) (77,21, 0.172767) (77,22, 0.102476) (78,21, 0.172767) (78,22, 0.102476) (79,21, 0.172767) (79,22, 0.102476) (80,21, 0.172767) (80,22, 0.102476) (81,21, 0.172767) (81,22, 0.102476) (82,21, 0.172767) (82,22, 0.102476) (83,21, 0.172767) (83,22, 0.102476) (84,21, 0.172767) (84,22, 0.102476) (85,21, 0.172767) (85,22, 0.102476) (86,21, 0.172767) (86,22, 0.102476) (87,21, 0.056200) (87,22, 0.033334)
o103 4 (55,17, 0.086003) (55,18, 0.180389) (56,17, 0.243963) (56,18, 0.511704)
o104 2 (58,18, 0.591181) (58,19, 0.430237)
o105 3 (55,19, 0.168188) (55,20, 0.827087) (55,21, 0.030554)
o106 4 (57,20, 0.193021) (57,21, 0.474830) (58,20, 0.102199) (58,21, 0.251408)
o107 7 (58,19, 0.096541) (59,19, 0.274757) (60,19, 0.274757) (61,19, 0.274757) (62,19, 0.274757) (63,19, 0.274757) (64,19, 0.151530)
o108 2 (96,19, 0.273037) (96,20, 0.144701)
o109 3 (64,19, 0.161693) (64,20, 0.274757) (64,21, 0.257538)
o110 2 (87,20, 0.114931) (87,21, 0.257538)
o111 6 (16,21, 0.437955) (16,22, 0.747524) (16,23, 0.100190) (17,21, 0.569691) (17,22, 0.972379) (17,23, 0.130327)
o112 12 (52,21, 0.124598) (52,22, 0.900922) (52,23, 0.900922) (52,24, 0.552405) (53,21, 0.138301) (53,22, 1.000000) (53,23, 1.000000) (53,24, 0.613155) (54,21, 0.117630) (54,22, 0.850534) (54,23, 0.850534) (54,24, 0.521509)
o113 52 (22,23, 0.050198) (22,24, 0.045990) (23,23, 0.143641) (23,24, 0.131602) (24,23, 0.143641) (24,24, 0.131602) (25,23, 0.143641) (25,24, 0.131602) (26,23, 0.143641) (26,24, 0.131602) (27,23, 0.143641) (27,24, 0.131602) (28,23, 0.143641) (28,24, 0.131602) (29,23, 0.143641) (29,24, 0.131602) (30,23, 0.143641) (30,24, 0.131602) (31,23, 0.143641) (31,24, 0.131602) (32,23, 0.143641) (32,24, 0.131602) (33,23, 0.143641) (33,24, 0.131602) (34,23, 0.143641) (34,24, 0.131602) (35,23, 0.143641) (35,24, 0.131602) (36,23, 0.143641) (36,24, 0.131602) (37,23, 0.143641) (37,24, 0.131602) (38,23, 0.143641) (38,24, 0.131602) (39,23, 0.143641) (39,24, 0.131602) (40,23, 0.143641) (40,24, 0.131602) (41,23, 0.143641) (41,24, 0.131602) (42,23, 0.143641) (42,24, 0.131602) (43,23, 0.143641) (43,24, 0.131602) (44,23, 0.143641) (44,24, 0.131602) (45,23, 0.143641) (45,24, 0.131602) (46,23, 0.143641) (46,24, 0.131602) (47,23, 0.020716) (47,24, 0.018980)
o114 4 (52,21, 0.620106) (52,22, 0.123286) (53,21, 0.231917) (53,22, 0.046109)
o115 6 (17,22, 0.196959) (18,22, 0.275243) (19,22, 0.275243) (20,22, 0.275243) (21,22, 0.275243) (22,22, 0.254680)
o116 6 (54,21, 0.058724) (54,22, 0.424612) (54,23, 0.042482) (55,21, 0.055327) (55,22, 0.400049) (55,23, 0.040024)
o117 4 (51,23, 0.281914) (51,24, 0.276485) (52,23, 0.233962) (52,24, 0.229457)
o118 4 (53,24, 0.256730) (53,25, 0.063839) (54,24, 0.563045) (54,25, 0.140008)
o119 6 (46,23, 0.036253) (47,23, 0.276699) (48,23, 0.276699) (49,23, 0.276699) (50,23, 0.276699) (51,23, 0.243256)
o120 2 (46,23, 0.055766) (47,23, 0.061386)
o121 2 (22,22, 0.191890) (22,23, 0.265541)
o122 9 (92,21, 0.261624) (92,22, 0.446553) (92,23, 0.059851) (93,21, 0.585874) (93,22, 1.000000) (93,23, 0.134029) (94,21, 0.160148) (94,22, 0.273350) (94,23, 0.036637)
o123 16 (55,21, 0.044639) (55,22, 0.322767) (55,23, 0.322767) (55,24, 0.197906) (56,21, 0.138301) (56,22, 1.000000) (56,23, 1.000000) (56,24, 0.613155) (57,21, 0.138301) (57,22, 1.000000) (57,23, 1.000000) (57,24, 0.613155) (58,21, 0.059288) (58,22, 0.428689) (58,23, 0.428689) (58,24, 0.262853)
o124 2 (63,22, 0.048561) (63,23, 0.161211)
o125 4 (55,21, 0.222161) (55,22, 0.044169) (56,21, 0.630196) (56,22, 0.125293)
o126 7 (87,22, 0.110084) (88,22, 0.275243) (89,22, 0.275243) (90,22, 0.275243) (91,22, 0.275243) (92,22, 0.275243) (93,22, 0.066446)
o127 3 (58,21, 0.114118) (58,22, 0.825146) (58,23, 0.082555)
o128 2 (55,23, 0.517090) (55,24, 0.507133)
o129 4 (57,24, 0.535987) (57,25, 0.133280) (58,24, 0.283788) (58,25, 0.070567)
o130 25 (63,23, 0.048809) (64,23, 0.275243) (65,23, 0.275243) (66,23, 0.275243) (67,23, 0.275243) (68,23, 0.275243) (69,23, 0.275243) (70,23, 0.275243) (71,23, 0.275243) (72,23, 0.275243) (73,23, 0.275243) (74,23, 0.275243) (75,23, 0.275243) (76,23, 0.275243) (77,23, 0.275243) (78,23, 0.275243) (79,23, 0.275243) (80,23, 0.275243) (81,23, 0.275243) (82,23, 0.275243) (83,23, 0.275243) (84,23, 0.275243) (85,23, 0.275243) (86,23, 0.275243) (87,23, 0.240918)
o131 2 (87,22, 0.192229) (87,23, 0.114627)
o132 12 (58,22, 0.061558) (58,23, 0.035154) (59,22, 0.175194) (59,23, 0.100049) (60,22, 0.175194) (60,23, 0.100049) (61,22, 0.175194) (61,23, 0.100049) (62,22, 0.175194) (62,23, 0.100049) (63,22, 0.134415) (63,23, 0.076761)
o133 9 (12,21, 0.109752) (12,22, 0.187330) (12,23, 0.025108) (13,21, 0.585874) (13,22, 1.000000) (13,23, 0.134029) (14,21, 0.312020) (14,22, 0.532573) (14,23, 0.071380)
o134 20 (13,23, 0.066793) (13,24, 0.061195) (14,23, 0.143641) (14,24, 0.131602) (15,23, 0.143641) (15,24, 0.131602) (16,23, 0.143641) (16,24, 0.131602) (17,23, 0.143641) (17,24, 0.131602) (18,23, 0.143641) (18,24, 0.131602) (19,23, 0.143641) (19,24, 0.131602) (20,23, 0.143641) (20,24, 0.131602) (21,23, 0.143641) (21,24, 0.131602) (22,23, 0.053907) (22,24, 0.049389)
o135 4 (47,24, 0.103547) (48,24, 0.276699) (49,24, 0.276699) (50,24, 0.218686)
o136 12 (52,25, 0.504648) (52,26, 0.900922) (52,27, 0.900922) (52,28, 0.172356) (53,25, 0.560146) (53,26, 1.000000) (53,27, 1.000000) (53,28, 0.191311) (54,25, 0.476423) (54,26, 0.850534) (54,27, 0.850534) (54,28, 0.162716)
o137 2 (13,22, 0.152466) (13,23, 0.266010)
o138 2 (47,24, 0.194347) (47,25, 0.168854)
o139 6 (50,24, 0.054297) (50,25, 0.079741) (51,24, 0.112087) (51,25, 0.164612) (52,24, 0.066605) (52,25, 0.097816)
o140 4 (52,24, 0.100982) (52,25, 0.644159) (53,24, 0.037767) (53,25, 0.240913)
o141 2 (22,24, 0.268849) (22,25, 0.122374)
o142 26 (22,25, 0.247135) (23,25, 0.274757) (24,25, 0.274757) (25,25, 0.274757) (26,25, 0.274757) (27,25, 0.274757) (28,25, 0.274757) (29,25, 0.274757) (30,25, 0.274757) (31,25, 0.274757) (32,25, 0.274757) (33,25, 0.274757) (34,25, 0.274757) (35,25, 0.274757) (36,25, 0.274757) (37,25, 0.274757) (38,25, 0.274757) (39,25, 0.274757) (40,25, 0.274757) (41,25, 0.274757) (42,25, 0.274757) (43,25, 0.274757) (44,25, 0.274757) (45,25, 0.274757) (46,25, 0.274757) (47,25, 0.202347)
o143 4 (54,25, 0.237844) (54,26, 0.287973) (55,25, 0.224085) (55,26, 0.271314)
o144 6 (51,26, 0.021211) (51,27, 0.450922) (51,28, 0.086266) (52,26, 0.017603) (52,27, 0.374223) (52,28, 0.071593)
o145 4 (53,27, 0.032512) (53,28, 0.287492) (54,27, 0.071304) (54,28, 0.630510)
o146 1 (50,24, 0.192597)
o147 9 (95,21, 0.003100) (95,22, 0.005291) (95,23, 0.000709) (96,21, 0.585874) (96,22, 1.000000) (96,23, 0.134029) (97,21, 0.418672) (97,22, 0.714612) (97,23, 0.095779)
o148 12 (58,23, 0.042597) (58,24, 0.039027) (59,23, 0.143641) (59,24, 0.131602) (60,23, 0.143641) (60,24, 0.131602) (61,23, 0.143641) (61,24, 0.131602) (62,23, 0.143641) (62,24, 0.131602) (63,23, 0.044982) (63,24, 0.041212)
o149 18 (88,23, 0.122088) (88,24, 0.111855) (89,23, 0.143641) (89,24, 0.131602) (90,23, 0.143641) (90,24, 0.131602) (91,23, 0.143641) (91,24, 0.131602) (92,23, 0.143641) (92,24, 0.131602) (93,23, 0.143641) (93,24, 0.131602) (94,23, 0.143641) (94,24, 0.131602) (95,23, 0.143641) (95,24, 0.131602) (96,23, 0.142532) (96,24, 0.130586)
o150 52 (63,24, 0.206278) (63,25, 0.058396) (64,24, 0.214515) (64,25, 0.060728) (65,24, 0.214515) (65,25, 0.060728) (66,24, 0.214515) (66,25, 0.060728) (67,24, 0.214515) (67,25, 0.060728) (68,24, 0.214515) (68,25, 0.060728) (69,24, 0.214515) (69,25, 0.060728) (70,24, 0.214515) (70,25, 0.060728) (71,24, 0.214515) (71,25, 0.060728) (72,24, 0.214515) (72,25, 0.060728) (73,24, 0.214515) (73,25, 0.060728) (74,24, 0.214515) (74,25, 0.060728) (75,24, 0.214515) (75,25, 0.060728) (76,24, 0.214515) (76,25, 0.060728) (77,24, 0.214515) (77,25, 0.060728) (78,24, 0.214515) (78,25, 0.060728) (79,24, 0.214515) (79,25, 0.060728) (80,24, 0.214515) (80,25, 0.060728) (81,24, 0.214515) (81,25, 0.060728) (82,24, 0.214515) (82,25, 0.060728) (83,24, 0.214515) (83,25, 0.060728) (84,24, 0.214515) (84,25, 0.060728) (85,24, 0.214515) (85,25, 0.060728) (86,24, 0.214515) (86,25, 0.060728) (87,24, 0.214515) (87,25, 0.060728) (88,24, 0.091231) (88,25, 0.025827)
o151 16 (55,25, 0.180797) (55,26, 0.322767) (55,27, 0.322767) (55,28, 0.061749) (56,25, 0.560146) (56,26, 1.000000) (56,27, 1.000000) (56,28, 0.191311) (57,25, 0.560146) (57,26, 1.000000) (57,27, 1.000000) (57,28, 0.191311) (58,25, 0.240128) (58,26, 0.428689) (58,27, 0.428689) (58,28, 0.082013)
o152 2 (96,22, 0.152197) (96,23, 0.265541)
o153 1 (63,24, 0.240159)
o154 1 (88,24, 0.240584)
o155 4 (55,24, 0.036178) (55,25, 0.230778) (56,24, 0.102625) (56,25, 0.654642)
o156 2 (58,25, 0.462202) (58,26, 0.559617)
o157 3 (55,26, 0.038905) (55,27, 0.827087) (55,28, 0.158231)
o158 4 (57,27, 0.067878) (57,28, 0.600210) (58,27, 0.035939) (58,28, 0.317792)
o159 2 (58,24, 0.269324) (58,25, 0.257405)
o160 9 (12,24, 0.027363) (12,25, 0.187330) (12,26, 0.107860) (13,24, 0.146068) (13,25, 1.000000) (13,26, 0.575777) (14,24, 0.077792) (14,25, 0.532573) (14,26, 0.306643)
o161 12 (48,29, 0.471380) (48,30, 0.479078) (48,31, 0.368634) (49,29, 0.983932) (49,30, 1.000000) (49,31, 0.769466) (50,29, 0.983932) (50,30, 1.000000) (50,31, 0.769466) (51,29, 0.269435) (51,30, 0.273835) (51,31, 0.210707)
o162 3 (13,25, 0.031092) (13,26, 0.275243) (13,27, 0.157677)
o163 4 (21,27, 0.193191) (21,28, 0.275243) (21,29, 0.275243) (21,30, 0.176489)
o164 4 (48,28, 0.255795) (48,29, 0.139607) (49,28, 0.405140) (49,29, 0.221116)
o165 4 (50,29, 0.001433) (50,30, 0.000373) (51,29, 0.810598) (51,30, 0.211198)
o166 4 (47,30, 0.013634) (47,31, 0.022374) (48,30, 0.373331) (48,31, 0.612659)
o167 4 (50,31, 0.488659) (50,32, 0.308595) (51,31, 0.138526) (51,32, 0.087481)
o168 28 (21,30, 0.275096) (22,30, 0.275243) (23,30, 0.275243) (24,30, 0.275243) (25,30, 0.275243) (26,30, 0.275243) (27,30, 0.275243) (28,30, 0.275243) (29,30, 0.275243) (30,30, 0.275243) (31,30, 0.275243) (32,30, 0.275243) (33,30, 0.275243) (34,30, 0.275243) (35,30, 0.275243) (36,30, 0.275243) (37,30, 0.275243) (38,30, 0.275243) (39,30, 0.275243) (40,30, 0.275243) (41,30, 0.275243) (42,30, 0.275243) (43,30, 0.275243) (44,30, 0.275243) (45,30, 0.275243) (46,30, 0.275243) (47,30, 0.275243) (48,30, 0.082859)
o169 9 (13,27, 0.082387) (14,27, 0.274757) (15,27, 0.274757) (16,27, 0.274757) (17,27, 0.274757) (18,27, 0.274757) (19,27, 0.274757) (20,27, 0.274757) (21,27, 0.030397)
o170 6 (16,24, 0.109189) (16,25, 0.747524) (16,26, 0.430407) (17,24, 0.142033) (17,25, 0.972379) (17,26, 0.559873)
o171 16 (48,25, 0.268353) (48,26, 0.479078) (48,27, 0.479078) (48,28, 0.091653) (49,25, 0.560146) (49,26, 1.000000) (49,27, 1.000000) (49,28, 0.191311) (50,25, 0.560146) (50,26, 1.000000) (50,27, 1.000000) (50,28, 0.191311) (51,25, 0.153387) (51,26, 0.273835) (51,27, 0.273835) (51,28, 0.052388)
o172 5 (17,25, 0.198001) (18,25, 0.276699) (19,25, 0.276699) (20,25, 0.276699) (21,25, 0.228357)
o173 4 (48,24, 0.053699) (48,25, 0.342541) (49,24, 0.085050) (49,25, 0.542532)
o174 4 (50,25, 0.000816) (50,26, 0.000988) (51,25, 0.461468) (51,26, 0.558728)
o175 6 (47,26, 0.001368) (47,27, 0.029078) (47,28, 0.005563) (48,26, 0.037453) (48,27, 0.796214) (48,28, 0.152324)
o176 4 (50,27, 0.080982) (50,28, 0.716085) (51,27, 0.022957) (51,28, 0.202997)
o177 56 (21,26, 0.021142) (21,27, 0.102352) (22,26, 0.047039) (22,27, 0.227718) (23,26, 0.047039) (23,27, 0.227718) (24,26, 0.047039) (24,27, 0.227718) (25,26, 0.047039) (25,27, 0.227718) (26,26, 0.047039) (26,27, 0.227718) (27,26, 0.047039) (27,27, 0.227718) (28,26, 0.047039) (28,27, 0.227718) (29,26, 0.047039) (29,27, 0.227718) (30,26, 0.047039) (30,27, 0.227718) (31,26, 0.047039) (31,27, 0.227718) (32,26, 0.047039) (32,27, 0.227718) (33,26, 0.047039) (33,27, 0.227718) (34,26, 0.047039) (34,27, 0.227718) (35,26, 0.047039) (35,27, 0.227718) (36,26, 0.047039) (36,27, 0.227718) (37,26, 0.047039) (37,27, 0.227718) (38,26, 0.047039) (38,27, 0.227718) (39,26, 0.047039) (39,27, 0.227718) (40,26, 0.047039) (40,27, 0.227718) (41,26, 0.047039) (41,27, 0.227718) (42,26, 0.047039) (42,27, 0.227718) (43,26, 0.047039) (43,27, 0.227718) (44,26, 0.047039) (44,27, 0.227718) (45,26, 0.047039) (45,27, 0.227718) (46,26, 0.047039) (46,27, 0.227718) (47,26, 0.047039) (47,27, 0.227718) (48,26, 0.014161) (48,27, 0.068552)
o178 3 (21,25, 0.070810) (21,26, 0.274757) (21,27, 0.017272)
o179 9 (92,24, 0.065227) (92,25, 0.446553) (92,26, 0.257115) (93,24, 0.146068) (93,25, 1.000000) (93,26, 0.575777) (94,24, 0.039928) (94,25, 0.273350) (94,26, 0.157388)
o180 16 (59,25, 0.418179) (59,26, 0.746553) (59,27, 0.746553) (59,28, 0.142824) (60,25, 0.560146) (60,26, 1.000000) (60,27, 1.000000) (60,28, 0.191311) (61,25, 0.560146) (61,26, 1.000000) (61,27, 1.000000) (61,28, 0.191311) (62,25, 0.003834) (62,26, 0.006845) (62,27, 0.006845) (62,28, 0.001309)
o181 6 (88,25, 0.082459) (89,25, 0.276699) (90,25, 0.276699) (91,25, 0.276699) (92,25, 0.276699) (93,25, 0.066797)
o182 4 (59,24, 0.083679) (59,25, 0.533786) (60,24, 0.055124) (60,25, 0.351634)
o183 4 (61,25, 0.150396) (61,26, 0.182094) (62,25, 0.311914) (62,26, 0.377654)
o184 6 (58,26, 0.013950) (58,27, 0.296553) (58,28, 0.056734) (59,26, 0.024873) (59,27, 0.528786) (59,28, 0.101162)
o185 6 (60,27, 0.019571) (60,28, 0.173056) (61,27, 0.083835) (61,28, 0.741311) (62,27, 0.000574) (62,28, 0.005074)
o186 27 (62,26, 0.212843) (63,26, 0.275243) (64,26, 0.275243) (65,26, 0.275243) (66,26, 0.275243) (67,26, 0.275243) (68,26, 0.275243) (69,26, 0.275243) (70,26, 0.275243) (71,26, 0.275243) (72,26, 0.275243) (73,26, 0.275243) (74,26, 0.275243) (75,26, 0.275243) (76,26, 0.275243) (77,26, 0.275243) (78,26, 0.275243) (79,26, 0.275243) (80,26, 0.275243) (81,26, 0.275243) (82,26, 0.275243) (83,26, 0.275243) (84,26, 0.275243) (85,26, 0.275243) (86,26, 0.275243) (87,26, 0.275243) (88,26, 0.268843)
o187 2 (88,25, 0.070810) (88,26, 0.140966)
o188 9 (95,24, 0.000773) (95,25, 0.005291) (95,26, 0.003047) (96,24, 0.146068) (96,25, 1.000000) (96,26, 0.575777) (97,24, 0.104382) (97,25, 0.714612) (97,26, 0.411457)
o189 8 (89,27, 0.205521) (90,27, 0.274757) (91,27, 0.274757) (92,27, 0.274757) (93,27, 0.274757) (94,27, 0.274757) (95,27, 0.274757) (96,27, 0.272637)
o190 12 (59,29, 0.734558) (59,30, 0.746553) (59,31, 0.574447) (60,29, 0.983932) (60,30, 1.000000) (60,31, 0.769466) (61,29, 0.983932) (61,30, 1.000000) (61,31, 0.769466) (62,29, 0.006735) (62,30, 0.006845) (62,31, 0.005267)
o191 3 (96,25, 0.031037) (96,26, 0.274757) (96,27, 0.112104)
o192 4 (59,28, 0.398609) (59,29, 0.217551) (60,28, 0.262586) (60,29, 0.143313)
o193 4 (61,29, 0.264181) (61,30, 0.068831) (62,29, 0.547897) (62,30, 0.142752)
o194 4 (58,30, 0.139049) (58,31, 0.228188) (59,30, 0.247939) (59,31, 0.406883)
o195 6 (60,31, 0.118095) (60,32, 0.074578) (61,31, 0.505874) (61,32, 0.319466) (62,31, 0.003463) (62,32, 0.002187)
o196 4 (89,27, 0.147555) (89,28, 0.274757) (89,29, 0.274757) (89,30, 0.024741)
o197 56 (62,29, 0.016104) (62,30, 0.198240) (63,29, 0.020825) (63,30, 0.256359) (64,29, 0.020825) (64,30, 0.256359) (65,29, 0.020825) (65,30, 0.256359) (66,29, 0.020825) (66,30, 0.256359) (67,29, 0.020825) (67,30, 0.256359) (68,29, 0.020825) (68,30, 0.256359) (69,29, 0.020825) (69,30, 0.256359) (70,29, 0.020825) (70,30, 0.256359) (71,29, 0.020825) (71,30, 0.256359) (72,29, 0.020825) (72,30, 0.256359) (73,29, 0.020825) (73,30, 0.256359) (74,29, 0.020825) (74,30, 0.256359) (75,29, 0.020825) (75,30, 0.256359) (76,29, 0.020825) (76,30, 0.256359) (77,29, 0.020825) (77,30, 0.256359) (78,29, 0.020825) (78,30, 0.256359) (79,29, 0.020825) (79,30, 0.256359) (80,29, 0.020825) (80,30, 0.256359) (81,29, 0.020825) (81,30, 0.256359) (82,29, 0.020825) (82,30, 0.256359) (83,29, 0.020825) (83,30, 0.256359) (84,29, 0.020825) (84,30, 0.256359) (85,29, 0.020825) (85,30, 0.256359) (86,29, 0.020825) (86,30, 0.256359) (87,29, 0.020825) (87,30, 0.256359) (88,29, 0.020825) (88,30, 0.256359) (89,29, 0.010970) (89,30, 0.135037)
o198 9 (12,28, 0.131940) (12,29, 0.187330) (12,30, 0.002555) (13,28, 0.704320) (13,29, 1.000000) (13,30, 0.013641) (14,28, 0.375102) (14,29, 0.532573) (14,30, 0.007265)
o199 16 (13,30, 0.122774) (13,31, 0.005892) (14,30, 0.264029) (14,31, 0.012670) (15,30, 0.264029) (15,31, 0.012670) (16,30, 0.264029) (16,31, 0.012670) (17,30, 0.264029) (17,31, 0.012670) (18,30, 0.264029) (18,31, 0.012670) (19,30, 0.264029) (19,31, 0.012670) (20,30, 0.045897) (20,31, 0.002202)
o200 12 (52,32, 0.365573) (52,33, 0.900922) (52,34, 0.900922) (52,35, 0.313180) (53,32, 0.405777) (53,33, 1.000000) (53,34, 1.000000) (53,35, 0.347621) (54,32, 0.345127) (54,33, 0.850534) (54,34, 0.850534) (54,35, 0.295664)
o201 2 (13,29, 0.185388) (13,30, 0.233034)
o202 2 (52,32, 0.743567) (53,32, 0.278091)
o203 4 (54,32, 0.172298) (54,33, 0.353520) (55,32, 0.162330) (55,33, 0.333070)
o204 4 (51,34, 0.402525) (51,35, 0.156750) (52,34, 0.334058) (52,35, 0.130088)
o205 2 (53,35, 0.320080) (54,35, 0.701980)
o206 10 (19,30, 0.009891) (19,31, 0.100922) (19,32, 0.100922) (19,33, 0.100922) (19,34, 0.021943) (20,30, 0.017038) (20,31, 0.173835) (20,32, 0.173835) (20,33, 0.173835) (20,34, 0.037796)
o207 33 (19,34, 0.027778) (20,34, 0.275243) (21,34, 0.275243) (22,34, 0.275243) (23,34, 0.275243) (24,34, 0.275243) (25,34, 0.275243) (26,34, 0.275243) (27,34, 0.275243) (28,34, 0.275243) (29,34, 0.275243) (30,34, 0.275243) (31,34, 0.275243) (32,34, 0.275243) (33,34, 0.275243) (34,34, 0.275243) (35,34, 0.275243) (36,34, 0.275243) (37,34, 0.275243) (38,34, 0.275243) (39,34, 0.275243) (40,34, 0.275243) (41,34, 0.275243) (42,34, 0.275243) (43,34, 0.275243) (44,34, 0.275243) (45,34, 0.275243) (46,34, 0.275243) (47,34, 0.275243) (48,34, 0.275243) (49,34, 0.275243) (50,34, 0.275243) (51,34, 0.241976)
o208 6 (16,28, 0.526497) (16,29, 0.747524) (16,30, 0.010197) (17,28, 0.684866) (17,29, 0.972379) (17,30, 0.013264)
o209 9 (52,29, 0.886446) (52,30, 0.900922) (52,31, 0.693229) (53,29, 0.983932) (53,30, 1.000000) (53,31, 0.769466) (54,29, 0.836868) (54,30, 0.850534) (54,31, 0.654457)
o210 32 (20,33, 0.151771) (21,33, 0.275243) (22,33, 0.275243) (23,33, 0.275243) (24,33, 0.275243) (25,33, 0.275243) (26,33, 0.275243) (27,33, 0.275243) (28,33, 0.275243) (29,33, 0.275243) (30,33, 0.275243) (31,33, 0.275243) (32,33, 0.275243) (33,33, 0.275243) (34,33, 0.275243) (35,33, 0.275243) (36,33, 0.275243) (37,33, 0.275243) (38,33, 0.275243) (39,33, 0.275243) (40,33, 0.275243) (41,33, 0.275243) (42,33, 0.275243) (43,33, 0.275243) (44,33, 0.275243) (45,33, 0.275243) (46,33, 0.275243) (47,33, 0.275243) (48,33, 0.275243) (49,33, 0.275243) (50,33, 0.275243) (51,33, 0.226755)
o211 4 (17,29, 0.198001) (18,29, 0.276699) (19,29, 0.276699) (20,29, 0.200284)
o212 4 (52,28, 0.481031) (52,29, 0.262536) (53,28, 0.179904) (53,29, 0.098187)
o213 4 (54,29, 0.417789) (54,30, 0.108853) (55,29, 0.393621) (55,30, 0.102556)
o214 4 (51,30, 0.211430) (51,31, 0.346969) (52,30, 0.175467) (52,31, 0.287952)
o215 4 (53,31, 0.196186) (53,32, 0.123894) (54,31, 0.430263) (54,32, 0.271717)
o216 5 (20,29, 0.225124) (20,30, 0.275243) (20,31, 0.275243) (20,32, 0.275243) (20,33, 0.051160)
o217 3 (51,31, 0.199439) (51,32, 0.274757) (51,33, 0.051070)
o218 9 (92,28, 0.314517) (92,29, 0.446553) (92,30, 0.006091) (93,28, 0.704320) (93,29, 1.000000) (93,30, 0.013641) (94,28, 0.192526) (94,29, 0.273350) (94,30, 0.003729)
o219 12 (55,29, 0.317581) (55,30, 0.322767) (55,31, 0.248358) (56,29, 0.983932) (56,30, 1.000000) (56,31, 0.769466) (57,29, 0.983932) (57,30, 1.000000) (57,31, 0.769466) (58,29, 0.421801) (58,30, 0.428689) (58,31, 0.329862)
o220 4 (59,32, 0.253281) (59,33, 0.020081) (60,32, 0.011182) (60,33, 0.000887)
o221 5 (89,29, 0.054789) (90,29, 0.276699) (91,29, 0.276699) (92,29, 0.276699) (93,29, 0.066797)
o222 4 (55,28, 0.172336) (55,29, 0.094057) (56,28, 0.488859) (56,29, 0.266808)
o223 2 (58,29, 0.811887) (58,30, 0.211534)
o224 2 (55,30, 0.387808) (55,31, 0.636416)
o225 4 (57,31, 0.409586) (57,32, 0.258659) (58,31, 0.216863) (58,32, 0.136952)
o226 64 (59,32, 0.019695) (59,33, 0.007500) (60,32, 0.198981) (60,33, 0.075777) (61,32, 0.198981) (61,33, 0.075777) (62,32, 0.198981) (62,33, 0.075777) (63,32, 0.198981) (63,33, 0.075777) (64,32, 0.198981) (64,33, 0.075777) (65,32, 0.198981) (65,33, 0.075777) (66,32, 0.198981) (66,33, 0.075777) (67,32, 0.198981) (67,33, 0.075777) (68,32, 0.198981) (68,33, 0.075777) (69,32, 0.198981) (69,33, 0.075777) (70,32, 0.198981) (70,33, 0.075777) (71,32, 0.198981) (71,33, 0.075777) (72,32, 0.198981) (72,33, 0.075777) (73,32, 0.198981) (73,33, 0.075777) (74,32, 0.198981) (74,33, 0.075777) (75,32, 0.198981) (75,33, 0.075777) (76,32, 0.198981) (76,33, 0.075777) (77,32, 0.198981) (77,33, 0.075777) (78,32, 0.198981) (78,33, 0.075777) (79,32, 0.198981) (79,33, 0.075777) (80,32, 0.198981) (80,33, 0.075777) (81,32, 0.198981) (81,33, 0.075777) (82,32, 0.198981) (82,33, 0.075777) (83,32, 0.198981) (83,33, 0.075777) (84,32, 0.198981) (84,33, 0.075777) (85,32, 0.198981) (85,33, 0.075777) (86,32, 0.198981) (86,33, 0.075777) (87,32, 0.198981) (87,33, 0.075777) (88,32, 0.198981) (88,33, 0.075777) (89,32, 0.198981) (89,33, 0.075777) (90,32, 0.015271) (90,33, 0.005816)
o227 8 (89,29, 0.161955) (89,30, 0.198010) (89,31, 0.198010) (89,32, 0.180371) (90,29, 0.062773) (90,30, 0.076748) (90,31, 0.076748) (90,32, 0.069911)
o228 3 (57,32, 0.018345) (58,32, 0.275243) (59,32, 0.232767)
o229 9 (95,28, 0.003727) (95,29, 0.005291) (95,30, 0.000072) (96,28, 0.704320) (96,29, 1.000000) (96,30, 0.013641) (97,28, 0.503316) (97,29, 0.714612) (97,30, 0.009748)
o230 14 (90,30, 0.171222) (90,31, 0.008216) (91,30, 0.264029) (91,31, 0.012670) (92,30, 0.264029) (92,31, 0.012670) (93,30, 0.264029) (93,31, 0.012670) (94,30, 0.264029) (94,31, 0.012670) (95,30, 0.264029) (95,31, 0.012670) (96,30, 0.261991) (96,31, 0.012572)
o231 16 (55,32, 0.130971) (55,33, 0.322767) (55,34, 0.322767) (55,35, 0.112201) (56,32, 0.405777) (56,33, 1.000000) (56,34, 1.000000) (56,35, 0.347621) (57,32, 0.405777) (57,33, 1.000000) (57,34, 1.000000) (57,35, 0.347621) (58,32, 0.173952) (58,33, 0.428689) (58,34, 0.428689) (58,35, 0.149022)
o232 4 (90,30, 0.026976) (90,31, 0.275243) (90,32, 0.275243) (90,33, 0.229160)
o233 2 (96,29, 0.185061) (96,30, 0.232623)
o234 2 (55,32, 0.266392) (56,32, 0.755667)
o235 2 (58,32, 0.334825) (58,33, 0.686994)
o236 2 (55,34, 0.738316) (55,35, 0.287513)
o237 2 (57,35, 0.668245) (58,35, 0.353814)
o238 33 (58,33, 0.096541) (59,33, 0.274757) (60,33, 0.274757) (61,33, 0.274757) (62,33, 0.274757) (63,33, 0.274757) (64,33, 0.274757) (65,33, 0.274757) (66,33, 0.274757) (67,33, 0.274757) (68,33, 0.274757) (69,33, 0.274757) (70,33, 0.274757) (71,33, 0.274757) (72,33, 0.274757) (73,33, 0.274757) (74,33, 0.274757) (75,33, 0.274757) (76,33, 0.274757) (77,33, 0.274757) (78,33, 0.274757) (79,33, 0.274757) (80,33, 0.274757) (81,33, 0.274757) (82,33, 0.274757) (83,33, 0.274757) (84,33, 0.274757) (85,33, 0.274757) (86,33, 0.274757) (87,33, 0.274757) (88,33, 0.274757) (89,33, 0.274757) (90,33, 0.126828)
o239 9 (12,31, 0.049552) (12,32, 0.187330) (12,33, 0.085308) (13,31, 0.264515) (13,32, 1.000000) (13,33, 0.455388) (14,31, 0.140873) (14,32, 0.532573) (14,33, 0.242527)
o240 12 (48,36, 0.396495) (48,37, 0.479078) (48,38, 0.442589) (49,36, 0.827621) (49,37, 1.000000) (49,38, 0.923835) (50,36, 0.827621) (50,37, 1.000000) (50,38, 0.923835) (51,36, 0.226632) (51,37, 0.273835) (51,38, 0.252978)
o241 3 (13,32, 0.064014) (13,33, 0.275243) (13,34, 0.124541)
o242 7 (13,34, 0.082387) (14,34, 0.274757) (15,34, 0.274757) (16,34, 0.274757) (17,34, 0.274757) (18,34, 0.274757) (19,34, 0.020287)
o243 4 (48,35, 0.180910) (48,36, 0.214399) (49,35, 0.286534) (49,36, 0.339575)
o244 4 (50,36, 0.001205) (50,37, 0.000598) (51,36, 0.681823) (51,37, 0.338372)
o245 4 (47,37, 0.009145) (47,38, 0.026863) (48,37, 0.250421) (48,38, 0.735570)
o246 4 (50,38, 0.339356) (50,39, 0.457711) (51,38, 0.096201) (51,39, 0.129753)
o247 8 (18,34, 0.132092) (18,35, 0.200922) (18,36, 0.200922) (18,37, 0.160006) (19,34, 0.048541) (19,35, 0.073835) (19,36, 0.073835) (19,37, 0.058799)
o248 31 (18,37, 0.055693) (19,37, 0.277184) (20,37, 0.277184) (21,37, 0.277184) (22,37, 0.277184) (23,37, 0.277184) (24,37, 0.277184) (25,37, 0.277184) (26,37, 0.277184) (27,37, 0.277184) (28,37, 0.277184) (29,37, 0.277184) (30,37, 0.277184) (31,37, 0.277184) (32,37, 0.277184) (33,37, 0.277184) (34,37, 0.277184) (35,37, 0.277184) (36,37, 0.277184) (37,37, 0.277184) (38,37, 0.277184) (39,37, 0.277184) (40,37, 0.277184) (41,37, 0.277184) (42,37, 0.277184) (43,37, 0.277184) (44,37, 0.277184) (45,37, 0.277184) (46,37, 0.277184) (47,37, 0.277184) (48,37, 0.083443)
o249 6 (16,31, 0.197731) (16,32, 0.747524) (16,33, 0.340414) (17,31, 0.257208) (17,32, 0.972379) (17,33, 0.442810)
o250 9 (52,36, 0.745623) (52,37, 0.900922) (52,38, 0.832304) (53,36, 0.827621) (53,37, 1.000000) (53,38, 0.923835) (54,36, 0.703920) (54,37, 0.850534) (54,38, 0.785753)
o251 3 (17,32, 0.196612) (18,32, 0.274757) (19,32, 0.171403)
o252 4 (19,32, 0.103674) (19,33, 0.274757) (19,34, 0.274757) (19,35, 0.038693)
o253 2 (50,34, 0.036799) (50,35, 0.201253)
o254 3 (50,35, 0.133332) (51,35, 0.275243) (52,35, 0.163556)
o255 4 (52,35, 0.340208) (52,36, 0.403185) (53,35, 0.127236) (53,36, 0.150790)
o256 4 (54,36, 0.351418) (54,37, 0.174400) (55,36, 0.331089) (55,37, 0.164311)
o257 4 (51,37, 0.141822) (51,38, 0.416578) (52,37, 0.117699) (52,38, 0.345721)
o258 4 (53,38, 0.136244) (53,39, 0.183761) (54,38, 0.298802) (54,39, 0.403013)
o259 64 (19,34, 0.065100) (19,35, 0.068451) (20,34, 0.133932) (20,35, 0.140825) (21,34, 0.133932) (21,35, 0.140825) (22,34, 0.133932) (22,35, 0.140825) (23,34, 0.133932) (23,35, 0.140825) (24,34, 0.133932) (24,35, 0.140825) (25,34, 0.133932) (25,35, 0.140825) (26,34, 0.133932) (26,35, 0.140825) (27,34, 0.133932) (27,35, 0.140825) (28,34, 0.133932) (28,35, 0.140825) (29,34, 0.133932) (29,35, 0.140825) (30,34, 0.133932) (30,35, 0.140825) (31,34, 0.133932) (31,35, 0.140825) (32,34, 0.133932) (32,35, 0.140825) (33,34, 0.133932) (33,35, 0.140825) (34,34, 0.133932) (34,35, 0.140825) (35,34, 0.133932) (35,35, 0.140825) (36,34, 0.133932) (36,35, 0.140825) (37,34, 0.133932) (37,35, 0.140825) (38,34, 0.133932) (38,35, 0.140825) (39,34, 0.133932) (39,35, 0.140825) (40,34, 0.133932) (40,35, 0.140825) (41,34, 0.133932) (41,35, 0.140825) (42,34, 0.133932) (42,35, 0.140825) (43,34, 0.133932) (43,35, 0.140825) (44,34, 0.133932) (44,35, 0.140825) (45,34, 0.133932) (45,35, 0.140825) (46,34, 0.133932) (46,35, 0.140825) (47,34, 0.133932) (47,35, 0.140825) (48,34, 0.133932) (48,35, 0.140825) (49,34, 0.133932) (49,35, 0.140825) (50,34, 0.083773) (50,35, 0.088084)
o260 9 (92,31, 0.118120) (92,32, 0.446553) (92,33, 0.203355) (93,31, 0.264515) (93,32, 1.000000) (93,33, 0.455388) (94,31, 0.072305) (94,32, 0.273350) (94,33, 0.124480)
o261 34 (58,34, 0.082056) (59,34, 0.276699) (60,34, 0.276699) (61,34, 0.276699) (62,34, 0.276699) (63,34, 0.276699) (64,34, 0.276699) (65,34, 0.276699) (66,34, 0.276699) (67,34, 0.276699) (68,34, 0.276699) (69,34, 0.276699) (70,34, 0.276699) (71,34, 0.276699) (72,34, 0.276699) (73,34, 0.276699) (74,34, 0.276699) (75,34, 0.276699) (76,34, 0.276699) (77,34, 0.276699) (78,34, 0.276699) (79,34, 0.276699) (80,34, 0.276699) (81,34, 0.276699) (82,34, 0.276699) (83,34, 0.276699) (84,34, 0.276699) (85,34, 0.276699) (86,34, 0.276699) (87,34, 0.276699) (88,34, 0.276699) (89,34, 0.276699) (90,34, 0.276699) (91,34, 0.049443)
o262 12 (55,36, 0.267129) (55,37, 0.322767) (55,38, 0.298183) (56,36, 0.827621) (56,37, 1.000000) (56,38, 0.923835) (57,36, 0.827621) (57,37, 1.000000) (57,38, 0.923835) (58,36, 0.354792) (58,37, 0.428689) (58,38, 0.396038)
o263 6 (90,32, 0.052350) (90,33, 0.096553) (90,34, 0.041016) (91,32, 0.096883) (91,33, 0.178689) (91,34, 0.075908)
o264 4 (55,35, 0.121884) (55,36, 0.144446) (56,35, 0.345744) (56,36, 0.409745)
o265 2 (58,36, 0.682908) (58,37, 0.338911)
o266 2 (55,37, 0.260131) (55,38, 0.764092)
o267 4 (57,38, 0.284442) (57,39, 0.383645) (58,38, 0.150603) (58,39, 0.203128)
o268 3 (91,32, 0.255911) (92,32, 0.274757) (93,32, 0.066329)
o269 3 (58,34, 0.143086) (58,35, 0.275243) (58,36, 0.183785)
o270 9 (95,31, 0.001400) (95,32, 0.005291) (95,33, 0.002410) (96,31, 0.264515) (96,32, 1.000000) (96,33, 0.455388) (97,31, 0.189025) (97,32, 0.714612) (97,33, 0.325426)
o271 6 (91,34, 0.150170) (92,34, 0.274757) (93,34, 0.274757) (94,34, 0.274757) (95,34, 0.274757) (96,34, 0.272637)
o272 12 (59,36, 0.617864) (59,37, 0.746553) (59,38, 0.689692) (60,36, 0.827621) (60,37, 1.000000) (60,38, 0.923835) (61,36, 0.827621) (61,37, 1.000000) (61,38, 0.923835) (62,36, 0.005665) (62,37, 0.006845) (62,38, 0.006323)
o273 3 (96,32, 0.063901) (96,33, 0.274757) (96,34, 0.079026)
o274 4 (59,35, 0.281915) (59,36, 0.334101) (60,35, 0.185713) (60,36, 0.220091)
o275 4 (61,36, 0.222212) (61,37, 0.110279) (62,36, 0.460857) (62,37, 0.228712)
o276 4 (58,37, 0.093270) (58,38, 0.273966) (59,37, 0.166311) (59,38, 0.488511)
o277 6 (60,38, 0.082012) (60,39, 0.110615) (61,38, 0.351311) (61,39, 0.473835) (62,38, 0.002405) (62,39, 0.003243)
o278 4 (91,34, 0.180633) (91,35, 0.274757) (91,36, 0.274757) (91,37, 0.067556)
o279 30 (62,37, 0.212467) (63,37, 0.274757) (64,37, 0.274757) (65,37, 0.274757) (66,37, 0.274757) (67,37, 0.274757) (68,37, 0.274757) (69,37, 0.274757) (70,37, 0.274757) (71,37, 0.274757) (72,37, 0.274757) (73,37, 0.274757) (74,37, 0.274757) (75,37, 0.274757) (76,37, 0.274757) (77,37, 0.274757) (78,37, 0.274757) (79,37, 0.274757) (80,37, 0.274757) (81,37, 0.274757) (82,37, 0.274757) (83,37, 0.274757) (84,37, 0.274757) (85,37, 0.274757) (86,37, 0.274757) (87,37, 0.274757) (88,37, 0.274757) (89,37, 0.274757) (90,37, 0.274757) (91,37, 0.200079)
o280 4 (16,35, 0.616490) (16,36, 0.669179) (17,35, 0.801929) (17,36, 0.870468)
o281 7 (18,35, 0.028179) (18,36, 0.275243) (18,37, 0.275243) (18,38, 0.275243) (18,39, 0.275243) (18,40, 0.275243) (18,41, 0.148324)
o282 16 (48,39, 0.119514) (48,40, 0.479078) (48,41, 0.479078) (48,42, 0.240492) (49,39, 0.249466) (49,40, 1.000000) (49,41, 1.000000) (49,42, 0.501990) (50,39, 0.249466) (50,40, 1.000000) (50,41, 1.000000) (50,42, 0.501990) (51,39, 0.068313) (51,40, 0.273835) (51,41, 0.273835) (51,42, 0.137462)
o283 4 (17,35, 0.073260) (17,36, 0.123351) (18,35, 0.036573) (18,36, 0.061579)
o284 4 (48,39, 0.383704) (48,40, 0.012303) (49,39, 0.607729) (49,40, 0.019485)
o285 4 (50,39, 0.000363) (50,40, 0.001440) (51,39, 0.205519) (51,40, 0.814677)
o286 4 (47,41, 0.021397) (47,42, 0.014597) (48,41, 0.585913) (48,42, 0.399691)
o287 4 (50,42, 0.746846) (50,43, 0.050221) (51,42, 0.211717) (51,43, 0.014237)
o288 31 (18,41, 0.161480) (19,41, 0.274757) (20,41, 0.274757) (21,41, 0.274757) (22,41, 0.274757) (23,41, 0.274757) (24,41, 0.274757) (25,41, 0.274757) (26,41, 0.274757) (27,41, 0.274757) (28,41, 0.274757) (29,41, 0.274757) (30,41, 0.274757) (31,41, 0.274757) (32,41, 0.274757) (33,41, 0.274757) (34,41, 0.274757) (35,41, 0.274757) (36,41, 0.274757) (37,41, 0.274757) (38,41, 0.274757) (39,41, 0.274757) (40,41, 0.274757) (41,41, 0.274757) (42,41, 0.274757) (43,41, 0.274757) (44,41, 0.274757) (45,41, 0.274757) (46,41, 0.274757) (47,41, 0.274757) (48,41, 0.082713)
o289 4 (17,42, 0.002332) (17,43, 0.005257) (18,42, 0.058809) (18,43, 0.132600)
o290 4 (19,42, 0.048884) (19,43, 0.110222) (20,42, 0.012257) (20,43, 0.027636)
o291 4 (20,42, 0.010978) (20,43, 0.024753) (21,42, 0.050163) (21,43, 0.113104)
o292 4 (22,42, 0.057531) (22,43, 0.129718) (23,42, 0.003610) (23,43, 0.008140)
o293 4 (23,42, 0.019666) (23,43, 0.044342) (24,42, 0.041311) (24,43, 0.093146)
o294 2 (25,42, 0.060977) (25,43, 0.137488)
o295 4 (26,42, 0.028477) (26,43, 0.064207) (27,42, 0.032665) (27,43, 0.073650)
o296 2 (28,42, 0.061141) (28,43, 0.137858)
o297 4 (29,42, 0.037123) (29,43, 0.083703) (30,42, 0.024018) (30,43, 0.054154)
o298 2 (31,42, 0.061141) (31,43, 0.137858)
o299 4 (78,42, 0.017371) (78,43, 0.039167) (79,42, 0.043770) (79,43, 0.098690)
o300 2 (80,42, 0.061141) (80,43, 0.137858)
o301 4 (81,42, 0.026182) (81,43, 0.059033) (82,42, 0.035123) (82,43, 0.079194)
o302 2 (83,42, 0.061141) (83,43, 0.137858)
o303 4 (84,42, 0.034869) (84,43, 0.078621) (85,42, 0.026272) (85,43, 0.059236)
o304 2 (86,42, 0.061141) (86,43, 0.137858)
o305 4 (87,42, 0.043516) (87,43, 0.098117) (88,42, 0.017625) (88,43, 0.039740)
o306 4 (88,42, 0.005610) (88,43, 0.012649) (89,42, 0.055531) (89,43, 0.125208)
o307 4 (90,42, 0.052163) (90,43, 0.117613) (91,42, 0.008815) (91,43, 0.019875)
o308 4 (91,42, 0.014298) (91,43, 0.032238) (92,42, 0.046680) (92,43, 0.105251)
o309 22 (29,44, 0.270342) (30,44, 0.274757) (31,44, 0.274757) (32,44, 0.274757) (33,44, 0.274757) (34,44, 0.274757) (35,44, 0.274757) (36,44, 0.274757) (37,44, 0.274757) (38,44, 0.274757) (39,44, 0.274757) (40,44, 0.274757) (41,44, 0.274757) (42,44, 0.274757) (43,44, 0.274757) (44,44, 0.274757) (45,44, 0.274757) (46,44, 0.274757) (47,44, 0.274757) (48,44, 0.274757) (49,44, 0.274757) (50,44, 0.009350)
o310 6 (28,78, 0.581775) (28,79, 0.632927) (29,78, 0.823738) (29,79, 0.896165) (30,78, 0.011236) (30,79, 0.012224)
o311 35 (29,44, 0.225181) (29,45, 0.274757) (29,46, 0.274757) (29,47, 0.274757) (29,48, 0.274757) (29,49, 0.274757) (29,50, 0.274757) (29,51, 0.274757) (29,52, 0.274757) (29,53, 0.274757) (29,54, 0.274757) (29,55, 0.274757) (29,56, 0.274757) (29,57, 0.274757) (29,58, 0.274757) (29,59, 0.274757) (29,60, 0.274757) (29,61, 0.274757) (29,62, 0.274757) (29,63, 0.274757) (29,64, 0.274757) (29,65, 0.274757) (29,66, 0.274757) (29,67, 0.274757) (29,68, 0.274757) (29,69, 0.274757) (29,70, 0.274757) (29,71, 0.274757) (29,72, 0.274757) (29,73, 0.274757) (29,74, 0.274757) (29,75, 0.274757) (29,76, 0.274757) (29,77, 0.274757) (29,78, 0.237452)
o312 13 (34,50, 0.226461) (35,50, 0.274757) (36,50, 0.274757) (37,50, 0.274757) (38,50, 0.274757) (39,50, 0.274757) (40,50, 0.274757) (41,50, 0.274757) (42,50, 0.274757) (43,50, 0.274757) (44,50, 0.274757) (45,50, 0.274757) (46,50, 0.087642)
o313 6 (34,75, 0.226461) (35,75, 0.274757) (36,75, 0.274757) (37,75, 0.274757) (38,75, 0.274757) (39,75, 0.167669)
o314 6 (38,78, 0.319058) (38,79, 0.347112) (39,78, 0.823738) (39,79, 0.896165) (40,78, 0.273953) (40,79, 0.298040)
o315 26 (34,50, 0.096605) (34,51, 0.274757) (34,52, 0.274757) (34,53, 0.274757) (34,54, 0.274757) (34,55, 0.274757) (34,56, 0.274757) (34,57, 0.274757) (34,58, 0.274757) (34,59, 0.274757) (34,60, 0.274757) (34,61, 0.274757) (34,62, 0.274757) (34,63, 0.274757) (34,64, 0.274757) (34,65, 0.274757) (34,66, 0.274757) (34,67, 0.274757) (34,68, 0.274757) (34,69, 0.274757) (34,70, 0.274757) (34,71, 0.274757) (34,72, 0.274757) (34,73, 0.274757) (34,74, 0.274757) (34,75, 0.033278)
o316 4 (39,75, 0.226381) (39,76, 0.274757) (39,77, 0.274757) (39,78, 0.237452)
o317 8 (35,55, 0.201787) (35,56, 0.274757) (35,57, 0.274757) (35,58, 0.274757) (35,59, 0.274757) (35,60, 0.274757) (35,61, 0.274757) (35,62, 0.115385)
o318 8 (82,55, 0.201787) (82,56, 0.274757) (82,57, 0.274757) (82,58, 0.274757) (82,59, 0.274757) (82,60, 0.274757) (82,61, 0.274757) (82,62, 0.115385)
o319 6 (48,78, 0.054343) (48,79, 0.059121) (49,78, 0.823738) (49,79, 0.896165) (50,78, 0.538669) (50,79, 0.586031)
o320 23 (49,56, 0.003995) (49,57, 0.275243) (49,58, 0.275243) (49,59, 0.275243) (49,60, 0.275243) (49,61, 0.275243) (49,62, 0.275243) (49,63, 0.275243) (49,64, 0.275243) (49,65, 0.275243) (49,66, 0.275243) (49,67, 0.275243) (49,68, 0.275243) (49,69, 0.275243) (49,70, 0.275243) (49,71, 0.275243) (49,72, 0.275243) (49,73, 0.275243) (49,74, 0.275243) (49,75, 0.275243) (49,76, 0.275243) (49,77, 0.275243) (49,78, 0.237871)
o321 12 (84,64, 0.132963) (84,65, 0.276699) (84,66, 0.276699) (84,67, 0.276699) (84,68, 0.276699) (84,69, 0.276699) (84,70, 0.276699) (84,71, 0.276699) (84,72, 0.276699) (84,73, 0.276699) (84,74, 0.276699) (84,75, 0.155287)
o322 4 (59,78, 0.614964) (59,79, 0.669035) (60,78, 0.801785) (60,79, 0.872282)
o323 9 (76,64, 0.074411) (77,64, 0.274757) (78,64, 0.274757) (79,64, 0.274757) (80,64, 0.274757) (81,64, 0.274757) (82,64, 0.274757) (83,64, 0.274757) (84,64, 0.045895)
o324 26 (59,75, 0.006667) (60,75, 0.275243) (61,75, 0.275243) (62,75, 0.275243) (63,75, 0.275243) (64,75, 0.275243) (65,75, 0.275243) (66,75, 0.275243) (67,75, 0.275243) (68,75, 0.275243) (69,75, 0.275243) (70,75, 0.275243) (71,75, 0.275243) (72,75, 0.275243) (73,75, 0.275243) (74,75, 0.275243) (75,75, 0.275243) (76,75, 0.275243) (77,75, 0.275243) (78,75, 0.275243) (79,75, 0.275243) (80,75, 0.275243) (81,75, 0.275243) (82,75, 0.275243) (83,75, 0.275243) (84,75, 0.045976)
o325 8 (59,75, 0.013296) (59,76, 0.024223) (59,77, 0.024223) (59,78, 0.020934) (60,75, 0.137780) (60,76, 0.251019) (60,77, 0.251019) (60,78, 0.216937)
o326 5 (35,69, 0.116497) (35,70, 0.275243) (35,71, 0.275243) (35,72, 0.275243) (35,73, 0.004556)
o327 8 (35,72, 0.171250) (35,73, 0.010958) (36,72, 0.258689) (36,73, 0.016553) (37,72, 0.258689) (37,73, 0.016553) (38,72, 0.158491) (38,73, 0.010142)
o328 8 (79,72, 0.240845) (79,73, 0.015412) (80,72, 0.258689) (80,73, 0.016553) (81,72, 0.258689) (81,73, 0.016553) (82,72, 0.131618) (82,73, 0.008422)
o329 4 (82,69, 0.116292) (82,70, 0.274757) (82,71, 0.274757) (82,72, 0.233930)
o330 6 (5,73, 0.065834) (5,74, 0.049300) (6,73, 0.983447) (6,74, 0.736456) (7,73, 0.640243) (7,74, 0.479447)
o331 6 (9,73, 0.616755) (9,74, 0.461858) (10,73, 0.983447) (10,74, 0.736456) (11,73, 0.091231) (11,74, 0.068319)
o332 6 (12,73, 0.184229) (12,74, 0.137960) (13,73, 0.983447) (13,74, 0.736456) (14,73, 0.523757) (14,74, 0.392217)
o333 8 (10,73, 0.155415) (10,74, 0.008119) (11,73, 0.261117) (11,74, 0.013641) (12,73, 0.261117) (12,74, 0.013641) (13,73, 0.130723) (13,74, 0.006829)
o334 4 (16,73, 0.735150) (16,74, 0.550519) (17,73, 0.956282) (17,74, 0.716114)
o335 2 (21,73, 0.270209) (21,74, 0.202347)
o336 4 (88,73, 0.022868) (88,74, 0.017124) (89,73, 0.247342) (89,74, 0.185222)
o337 6 (92,73, 0.439161) (92,74, 0.328867) (93,73, 0.983447) (93,74, 0.736456) (94,73, 0.268825) (94,74, 0.201310)
o338 6 (95,73, 0.005204) (95,74, 0.003897) (96,73, 0.983447) (96,74, 0.736456) (97,73, 0.702782) (97,74, 0.526280)
o339 6 (99,73, 0.556125) (99,74, 0.416455) (100,73, 0.983447) (100,74, 0.736456) (101,73, 0.151861) (101,74, 0.113722)
o340 8 (97,73, 0.254158) (97,74, 0.013277) (98,73, 0.261117) (98,74, 0.013641) (99,73, 0.261117) (99,74, 0.013641) (100,73, 0.031980) (100,74, 0.001671)
o341 6 (102,73, 0.123599) (102,74, 0.092558) (103,73, 0.983447) (103,74, 0.736456) (104,73, 0.584387) (104,74, 0.437619)
o342 3 (18,75, 0.045868) (19,75, 0.274757) (20,75, 0.151930)
o343 2 (22,75, 0.199786) (23,75, 0.272770)
o344 3 (86,75, 0.127896) (87,75, 0.274757) (88,75, 0.069903)
o345 3 (89,75, 0.007056) (90,75, 0.274757) (91,75, 0.190743)
o346 3 (21,76, 0.149369) (21,77, 0.274757) (21,78, 0.048429)
o347 6 (88,76, 0.012641) (88,77, 0.023252) (88,78, 0.004099) (89,76, 0.136728) (89,77, 0.251505) (89,78, 0.044331)
FIN
