107 86 1.960000
o1 36 (6,11, 0.078513) (6,12, 0.043145) (7,11, 0.188010) (7,12, 0.103316) (8,11, 0.188010) (8,12, 0.103316) (9,11, 0.188010) (9,12, 0.103316) (10,11, 0.188010) (10,12, 0.103316) (11,11, 0.188010) (11,12, 0.103316) (12,11, 0.188010) (12,12, 0.103316) (13,11, 0.188010) (13,12, 0.103316) (14,11, 0.188010) (14,12, 0.103316) (15,11, 0.188010) (15,12, 0.103316) (16,11, 0.188010) (16,12, 0.103316) (17,11, 0.188010) (17,12, 0.103316) (18,11, 0.188010) (18,12, 0.103316) (19,11, 0.188010) (19,12, 0.103316) (20,11, 0.188010) (20,12, 0.103316) (21,11, 0.188010) (21,12, 0.103316) (22,11, 0.188010) (22,12, 0.103316) (23,11, 0.069113) (23,12, 0.037979)
o2 6 (5,13, 0.147878) (5,14, 0.171690) (6,13, 0.836480) (6,14, 0.971173) (7,13, 0.527708) (7,14, 0.612682)
o3 16 (50,13, 0.177933) (50,14, 0.270663) (50,15, 0.270663) (50,16, 0.064006) (51,13, 0.657398) (51,14, 1.000000) (51,15, 1.000000) (51,16, 0.236480) (52,13, 0.657398) (52,14, 1.000000) (52,15, 1.000000) (52,16, 0.236480) (53,13, 0.408358) (53,14, 0.621173) (53,15, 0.621173) (53,16, 0.146895)
o4 58 (23,5, 0.132256) (23,6, 0.083781) (24,5, 0.176786) (24,6, 0.111990) (25,5, 0.176786) (25,6, 0.111990) (26,5, 0.176786) (26,6, 0.111990) (27,5, 0.176786) (27,6, 0.111990) (28,5, 0.176786) (28,6, 0.111990) (29,5, 0.176786) (29,6, 0.111990) (30,5, 0.176786) (30,6, 0.111990) (31,5, 0.176786) (31,6, 0.111990) (32,5, 0.176786) (32,6, 0.111990) (33,5, 0.176786) (33,6, 0.111990) (34,5, 0.176786) (34,6, 0.111990) (35,5, 0.176786) (35,6, 0.111990) (36,5, 0.176786) (36,6, 0.111990) (37,5, 0.176786) (37,6, 0.111990) (38,5, 0.176786) (38,6, 0.111990) (39,5, 0.176786) (39,6, 0.111990) (40,5, 0.176786) (40,6, 0.111990) (41,5, 0.176786) (41,6, 0.111990) (42,5, 0.176786) (42,6, 0.111990) (43,5, 0.176786) (43,6, 0.111990) (44,5, 0.176786) (44,6, 0.111990) (45,5, 0.176786) (45,6, 0.111990) (46,5, 0.176786) (46,6, 0.111990) (47,5, 0.176786) (47,6, 0.111990) (48,5, 0.176786) (48,6, 0.111990) (49,5, 0.176786) (49,6, 0.111990) (50,5, 0.176786) (50,6, 0.111990) (51,5, 0.003202) (51,6, 0.002028)
o5 7 (23,5, 0.051142) (23,6, 0.289286) (23,7, 0.289286) (23,8, 0.289286) (23,9, 0.289286) (23,10, 0.289286) (23,11, 0.268608)
o6 6 (50,12, 0.063592) (50,13, 0.171056) (51,12, 0.234949) (51,13, 0.631990) (52,12, 0.006773) (52,13, 0.018218)
o7 3 (6,11, 0.003823) (6,12, 0.289286) (6,13, 0.256475)
o8 4 (53,13, 0.439149) (53,14, 0.431650) (54,13, 0.129635) (54,14, 0.127421)
o9 6 (50,14, 0.055210) (50,15, 0.848724) (50,16, 0.200706) (51,14, 0.001205) (51,15, 0.018520) (51,16, 0.004380)
o10 4 (52,15, 0.035996) (52,16, 0.554179) (53,15, 0.032865) (53,16, 0.505971)
o11 16 (50,5, 0.000953) (50,6, 0.270663) (50,7, 0.270663) (50,8, 0.270663) (50,9, 0.270663) (50,10, 0.270663) (50,11, 0.270663) (50,12, 0.269600) (51,5, 0.000064) (51,6, 0.018112) (51,7, 0.018112) (51,8, 0.018112) (51,9, 0.018112) (51,10, 0.018112) (51,11, 0.018112) (51,12, 0.018041)
o12 36 (84,11, 0.048585) (84,12, 0.026699) (85,11, 0.188010) (85,12, 0.103316) (86,11, 0.188010) (86,12, 0.103316) (87,11, 0.188010) (87,12, 0.103316) (88,11, 0.188010) (88,12, 0.103316) (89,11, 0.188010) (89,12, 0.103316) (90,11, 0.188010) (90,12, 0.103316) (91,11, 0.188010) (91,12, 0.103316) (92,11, 0.188010) (92,12, 0.103316) (93,11, 0.188010) (93,12, 0.103316) (94,11, 0.188010) (94,12, 0.103316) (95,11, 0.188010) (95,12, 0.103316) (96,11, 0.188010) (96,12, 0.103316) (97,11, 0.188010) (97,12, 0.103316) (98,11, 0.188010) (98,12, 0.103316) (99,11, 0.188010) (99,12, 0.103316) (100,11, 0.188010) (100,12, 0.103316) (101,11, 0.099329) (101,12, 0.054584)
o13 6 (100,13, 0.435097) (100,14, 0.505159) (101,13, 0.836480) (101,14, 0.971173) (102,13, 0.240488) (102,14, 0.279212)
o14 16 (54,13, 0.335239) (54,14, 0.509949) (54,15, 0.509949) (54,16, 0.120593) (55,13, 0.657398) (55,14, 1.000000) (55,15, 1.000000) (55,16, 0.236480) (56,13, 0.657398) (56,14, 1.000000) (56,15, 1.000000) (56,16, 0.236480) (57,13, 0.251052) (57,14, 0.381888) (57,15, 0.381888) (57,16, 0.090309)
o15 8 (54,5, 0.051051) (54,6, 0.288776) (54,7, 0.288776) (54,8, 0.288776) (54,9, 0.288776) (54,10, 0.288776) (54,11, 0.288776) (54,12, 0.287641)
o16 14 (84,5, 0.045685) (84,6, 0.258418) (84,7, 0.258418) (84,8, 0.258418) (84,9, 0.258418) (84,10, 0.258418) (84,11, 0.239947) (85,5, 0.005727) (85,6, 0.032398) (85,7, 0.032398) (85,8, 0.032398) (85,9, 0.032398) (85,10, 0.032398) (85,11, 0.030082)
o17 4 (54,12, 0.119812) (54,13, 0.322283) (55,12, 0.185981) (55,13, 0.500272)
o18 3 (101,11, 0.003816) (101,12, 0.288776) (101,13, 0.256023)
o19 2 (57,13, 0.570125) (57,14, 0.560391)
o20 6 (53,14, 0.005858) (53,15, 0.090051) (53,16, 0.021295) (54,14, 0.050690) (54,15, 0.779235) (54,16, 0.184273)
o21 4 (56,15, 0.048657) (56,16, 0.749087) (57,15, 0.020205) (57,16, 0.311063)
o22 62 (54,5, 0.059521) (54,6, 0.037705) (55,5, 0.176786) (55,6, 0.111990) (56,5, 0.176786) (56,6, 0.111990) (57,5, 0.176786) (57,6, 0.111990) (58,5, 0.176786) (58,6, 0.111990) (59,5, 0.176786) (59,6, 0.111990) (60,5, 0.176786) (60,6, 0.111990) (61,5, 0.176786) (61,6, 0.111990) (62,5, 0.176786) (62,6, 0.111990) (63,5, 0.176786) (63,6, 0.111990) (64,5, 0.176786) (64,6, 0.111990) (65,5, 0.176786) (65,6, 0.111990) (66,5, 0.176786) (66,6, 0.111990) (67,5, 0.176786) (67,6, 0.111990) (68,5, 0.176786) (68,6, 0.111990) (69,5, 0.176786) (69,6, 0.111990) (70,5, 0.176786) (70,6, 0.111990) (71,5, 0.176786) (71,6, 0.111990) (72,5, 0.176786) (72,6, 0.111990) (73,5, 0.176786) (73,6, 0.111990) (74,5, 0.176786) (74,6, 0.111990) (75,5, 0.176786) (75,6, 0.111990) (76,5, 0.176786) (76,6, 0.111990) (77,5, 0.176786) (77,6, 0.111990) (78,5, 0.176786) (78,6, 0.111990) (79,5, 0.176786) (79,6, 0.111990) (80,5, 0.176786) (80,6, 0.111990) (81,5, 0.176786) (81,6, 0.111990) (82,5, 0.176786) (82,6, 0.111990) (83,5, 0.176786) (83,6, 0.111990) (84,5, 0.151666) (84,6, 0.096077)
o23 23 (25,6, 0.258396) (26,6, 0.290816) (27,6, 0.290816) (28,6, 0.290816) (29,6, 0.290816) (30,6, 0.290816) (31,6, 0.290816) (32,6, 0.290816) (33,6, 0.290816) (34,6, 0.290816) (35,6, 0.290816) (36,6, 0.290816) (37,6, 0.290816) (38,6, 0.290816) (39,6, 0.290816) (40,6, 0.290816) (41,6, 0.290816) (42,6, 0.290816) (43,6, 0.290816) (44,6, 0.290816) (45,6, 0.290816) (46,6, 0.290816) (47,6, 0.074856)
o24 6 (9,13, 0.469666) (9,14, 0.545294) (10,13, 0.836480) (10,14, 0.971173) (11,13, 0.205919) (11,14, 0.239077)
o25 16 (46,13, 0.020628) (46,14, 0.031378) (46,15, 0.031378) (46,16, 0.007420) (47,13, 0.657398) (47,14, 1.000000) (47,15, 1.000000) (47,16, 0.236480) (48,13, 0.657398) (48,14, 1.000000) (48,15, 1.000000) (48,16, 0.236480) (49,13, 0.565664) (49,14, 0.860459) (49,15, 0.860459) (49,16, 0.203481)
o26 16 (10,12, 0.181560) (11,12, 0.288776) (12,12, 0.288776) (13,12, 0.288776) (14,12, 0.288776) (15,12, 0.288776) (16,12, 0.288776) (17,12, 0.288776) (18,12, 0.288776) (19,12, 0.288776) (20,12, 0.288776) (21,12, 0.288776) (22,12, 0.288776) (23,12, 0.288776) (24,12, 0.288776) (25,12, 0.115584)
o27 2 (10,12, 0.168922) (10,13, 0.256475)
o28 6 (46,12, 0.007372) (46,13, 0.019830) (47,12, 0.234949) (47,13, 0.631990) (48,12, 0.063352) (48,13, 0.170412)
o29 4 (49,13, 0.281843) (49,14, 0.277030) (50,13, 0.289289) (50,14, 0.284349)
o30 6 (46,14, 0.039645) (46,15, 0.609439) (46,16, 0.144120) (47,14, 0.016771) (47,15, 0.257806) (47,16, 0.060966)
o31 4 (48,15, 0.023336) (48,16, 0.359271) (49,15, 0.045525) (49,16, 0.700879)
o32 7 (25,6, 0.122509) (25,7, 0.288776) (25,8, 0.288776) (25,9, 0.288776) (25,10, 0.288776) (25,11, 0.288776) (25,12, 0.153508)
o33 16 (46,6, 0.013311) (46,7, 0.031378) (46,8, 0.031378) (46,9, 0.031378) (46,10, 0.031378) (46,11, 0.031378) (46,12, 0.031378) (46,13, 0.003509) (47,6, 0.109197) (47,7, 0.257398) (47,8, 0.257398) (47,9, 0.257398) (47,10, 0.257398) (47,11, 0.257398) (47,12, 0.257398) (47,13, 0.028784)
o34 25 (58,6, 0.218483) (59,6, 0.290816) (60,6, 0.290816) (61,6, 0.290816) (62,6, 0.290816) (63,6, 0.290816) (64,6, 0.290816) (65,6, 0.290816) (66,6, 0.290816) (67,6, 0.290816) (68,6, 0.290816) (69,6, 0.290816) (70,6, 0.290816) (71,6, 0.290816) (72,6, 0.290816) (73,6, 0.290816) (74,6, 0.290816) (75,6, 0.290816) (76,6, 0.290816) (77,6, 0.290816) (78,6, 0.290816) (79,6, 0.290816) (80,6, 0.290816) (81,6, 0.290816) (82,6, 0.290149)
o35 6 (96,13, 0.114589) (96,14, 0.133041) (97,13, 0.836480) (97,14, 0.971173) (98,13, 0.562276) (98,14, 0.652817)
o36 16 (58,13, 0.493887) (58,14, 0.751276) (58,15, 0.751276) (58,16, 0.177661) (59,13, 0.657398) (59,14, 1.000000) (59,15, 1.000000) (59,16, 0.236480) (60,13, 0.657398) (60,14, 1.000000) (60,15, 1.000000) (60,16, 0.236480) (61,13, 0.093746) (61,14, 0.142602) (61,15, 0.142602) (61,16, 0.033722)
o37 7 (82,6, 0.122725) (82,7, 0.289286) (82,8, 0.289286) (82,9, 0.289286) (82,10, 0.289286) (82,11, 0.289286) (82,12, 0.203902)
o38 16 (82,12, 0.034078) (83,12, 0.288776) (84,12, 0.288776) (85,12, 0.288776) (86,12, 0.288776) (87,12, 0.288776) (88,12, 0.288776) (89,12, 0.288776) (90,12, 0.288776) (91,12, 0.288776) (92,12, 0.288776) (93,12, 0.288776) (94,12, 0.288776) (95,12, 0.288776) (96,12, 0.288776) (97,12, 0.263655)
o39 4 (58,12, 0.176511) (58,13, 0.474798) (59,12, 0.129282) (59,13, 0.347756)
o40 2 (97,12, 0.118589) (97,13, 0.256023)
o41 4 (60,13, 0.096497) (60,14, 0.094849) (61,13, 0.473763) (61,14, 0.465673)
o42 6 (57,14, 0.021424) (57,15, 0.329337) (57,16, 0.077881) (58,14, 0.035005) (58,15, 0.538112) (58,16, 0.127253)
o43 6 (59,15, 0.008517) (59,16, 0.131116) (60,15, 0.052908) (60,16, 0.814541) (61,15, 0.007545) (61,16, 0.116155)
o44 8 (58,6, 0.122509) (58,7, 0.288776) (58,8, 0.288776) (58,9, 0.288776) (58,10, 0.288776) (58,11, 0.288776) (58,12, 0.288776) (58,13, 0.032293)
o45 9 (27,6, 0.005378) (27,7, 0.288776) (27,8, 0.288776) (27,9, 0.288776) (27,10, 0.288776) (27,11, 0.288776) (27,12, 0.288776) (27,13, 0.288776) (27,14, 0.061070)
o46 4 (13,13, 0.791455) (13,14, 0.918899) (14,13, 0.720610) (14,14, 0.836646)
o47 28 (40,13, 0.450955) (40,14, 0.685969) (40,15, 0.685969) (40,16, 0.558750) (41,13, 0.657398) (41,14, 1.000000) (41,15, 1.000000) (41,16, 0.814541) (42,13, 0.657398) (42,14, 1.000000) (42,15, 1.000000) (42,16, 0.814541) (43,13, 0.657398) (43,14, 1.000000) (43,15, 1.000000) (43,16, 0.814541) (44,13, 0.657398) (44,14, 1.000000) (44,15, 1.000000) (44,16, 0.814541) (45,13, 0.657398) (45,14, 1.000000) (45,15, 1.000000) (45,16, 0.814541) (46,13, 0.064230) (46,14, 0.097704) (46,15, 0.097704) (46,16, 0.079584)
o48 8 (45,6, 0.005387) (45,7, 0.289286) (45,8, 0.289286) (45,9, 0.289286) (45,10, 0.289286) (45,11, 0.289286) (45,12, 0.289286) (45,13, 0.199548)
o49 28 (14,13, 0.066597) (14,14, 0.182207) (15,13, 0.077296) (15,14, 0.211480) (16,13, 0.077296) (16,14, 0.211480) (17,13, 0.077296) (17,14, 0.211480) (18,13, 0.077296) (18,14, 0.211480) (19,13, 0.077296) (19,14, 0.211480) (20,13, 0.077296) (20,14, 0.211480) (21,13, 0.077296) (21,14, 0.211480) (22,13, 0.077296) (22,14, 0.211480) (23,13, 0.077296) (23,14, 0.211480) (24,13, 0.077296) (24,14, 0.211480) (25,13, 0.077296) (25,14, 0.211480) (26,13, 0.077296) (26,14, 0.211480) (27,13, 0.020227) (27,14, 0.055341)
o50 4 (45,13, 0.315987) (45,14, 0.310592) (46,13, 0.446595) (46,14, 0.438969)
o51 6 (39,14, 0.017043) (39,15, 0.261990) (39,16, 0.213401) (40,14, 0.058051) (40,15, 0.892398) (40,16, 0.726895)
o52 38 (27,6, 0.012674) (27,7, 0.183856) (28,6, 0.018622) (28,7, 0.270153) (29,6, 0.018622) (29,7, 0.270153) (30,6, 0.018622) (30,7, 0.270153) (31,6, 0.018622) (31,7, 0.270153) (32,6, 0.018622) (32,7, 0.270153) (33,6, 0.018622) (33,7, 0.270153) (34,6, 0.018622) (34,7, 0.270153) (35,6, 0.018622) (35,7, 0.270153) (36,6, 0.018622) (36,7, 0.270153) (37,6, 0.018622) (37,7, 0.270153) (38,6, 0.018622) (38,7, 0.270153) (39,6, 0.018622) (39,7, 0.270153) (40,6, 0.018622) (40,7, 0.270153) (41,6, 0.018622) (41,7, 0.270153) (42,6, 0.018622) (42,7, 0.270153) (43,6, 0.018622) (43,7, 0.270153) (44,6, 0.018622) (44,7, 0.270153) (45,6, 0.006483) (45,7, 0.094044)
o53 9 (80,6, 0.005378) (80,7, 0.288776) (80,8, 0.288776) (80,9, 0.288776) (80,10, 0.288776) (80,11, 0.288776) (80,12, 0.288776) (80,13, 0.288776) (80,14, 0.061070)
o54 30 (62,12, 0.232731) (62,13, 0.990561) (62,14, 0.990561) (62,15, 0.990561) (62,16, 0.234248) (63,12, 0.234949) (63,13, 1.000000) (63,14, 1.000000) (63,15, 1.000000) (63,16, 0.236480) (64,12, 0.234949) (64,13, 1.000000) (64,14, 1.000000) (64,15, 1.000000) (64,16, 0.236480) (65,12, 0.234949) (65,13, 1.000000) (65,14, 1.000000) (65,15, 1.000000) (65,16, 0.236480) (66,12, 0.234949) (66,13, 1.000000) (66,14, 1.000000) (66,15, 1.000000) (66,16, 0.236480) (67,12, 0.186820) (67,13, 0.795153) (67,14, 0.795153) (67,15, 0.795153) (67,16, 0.188037)
o55 6 (93,13, 0.629280) (93,14, 0.730610) (94,13, 0.836480) (94,14, 0.971173) (95,13, 0.046305) (95,14, 0.053761)
o56 38 (62,6, 0.018447) (62,7, 0.267603) (63,6, 0.018622) (63,7, 0.270153) (64,6, 0.018622) (64,7, 0.270153) (65,6, 0.018622) (65,7, 0.270153) (66,6, 0.018622) (66,7, 0.270153) (67,6, 0.018622) (67,7, 0.270153) (68,6, 0.018622) (68,7, 0.270153) (69,6, 0.018622) (69,7, 0.270153) (70,6, 0.018622) (70,7, 0.270153) (71,6, 0.018622) (71,7, 0.270153) (72,6, 0.018622) (72,7, 0.270153) (73,6, 0.018622) (73,7, 0.270153) (74,6, 0.018622) (74,7, 0.270153) (75,6, 0.018622) (75,7, 0.270153) (76,6, 0.018622) (76,7, 0.270153) (77,6, 0.018622) (77,7, 0.270153) (78,6, 0.018622) (78,7, 0.270153) (79,6, 0.018622) (79,7, 0.270153) (80,6, 0.014735) (80,7, 0.213766)
o57 6 (67,12, 0.184063) (67,13, 0.783418) (67,14, 0.506224) (68,12, 0.087686) (68,13, 0.373214) (68,14, 0.241161)
o58 6 (61,14, 0.036989) (61,15, 0.568622) (61,16, 0.134468) (62,14, 0.038251) (62,15, 0.588010) (62,16, 0.139052)
o59 28 (80,13, 0.011669) (80,14, 0.031927) (81,13, 0.077296) (81,14, 0.211480) (82,13, 0.077296) (82,14, 0.211480) (83,13, 0.077296) (83,14, 0.211480) (84,13, 0.077296) (84,14, 0.211480) (85,13, 0.077296) (85,14, 0.211480) (86,13, 0.077296) (86,14, 0.211480) (87,13, 0.077296) (87,14, 0.211480) (88,13, 0.077296) (88,14, 0.211480) (89,13, 0.077296) (89,14, 0.211480) (90,13, 0.077296) (90,14, 0.211480) (91,13, 0.077296) (91,14, 0.211480) (92,13, 0.077296) (92,14, 0.211480) (93,13, 0.075036) (93,14, 0.205297)
o60 7 (62,7, 0.242825) (62,8, 0.287245) (62,9, 0.287245) (62,10, 0.287245) (62,11, 0.287245) (62,12, 0.287245) (62,13, 0.032227)
o61 121 (68,9, 0.140636) (68,10, 0.338010) (68,11, 0.338010) (68,12, 0.338010) (68,13, 0.338010) (68,14, 0.338010) (68,15, 0.338010) (68,16, 0.338010) (68,17, 0.338010) (68,18, 0.338010) (68,19, 0.141154) (69,9, 0.416071) (69,10, 1.000000) (69,11, 1.000000) (69,12, 1.000000) (69,13, 1.000000) (69,14, 1.000000) (69,15, 1.000000) (69,16, 1.000000) (69,17, 1.000000) (69,18, 1.000000) (69,19, 0.417602) (70,9, 0.416071) (70,10, 1.000000) (70,11, 1.000000) (70,12, 1.000000) (70,13, 1.000000) (70,14, 1.000000) (70,15, 1.000000) (70,16, 1.000000) (70,17, 1.000000) (70,18, 1.000000) (70,19, 0.417602) (71,9, 0.416071) (71,10, 1.000000) (71,11, 1.000000) (71,12, 1.000000) (71,13, 1.000000) (71,14, 1.000000) (71,15, 1.000000) (71,16, 1.000000) (71,17, 1.000000) (71,18, 1.000000) (71,19, 0.417602) (72,9, 0.416071) (72,10, 1.000000) (72,11, 1.000000) (72,12, 1.000000) (72,13, 1.000000) (72,14, 1.000000) (72,15, 1.000000) (72,16, 1.000000) (72,17, 1.000000) (72,18, 1.000000) (72,19, 0.417602) (73,9, 0.416071) (73,10, 1.000000) (73,11, 1.000000) (73,12, 1.000000) (73,13, 1.000000) (73,14, 1.000000) (73,15, 1.000000) (73,16, 1.000000) (73,17, 1.000000) (73,18, 1.000000) (73,19, 0.417602) (74,9, 0.416071) (74,10, 1.000000) (74,11, 1.000000) (74,12, 1.000000) (74,13, 1.000000) (74,14, 1.000000) (74,15, 1.000000) (74,16, 1.000000) (74,17, 1.000000) (74,18, 1.000000) (74,19, 0.417602) (75,9, 0.416071) (75,10, 1.000000) (75,11, 1.000000) (75,12, 1.000000) (75,13, 1.000000) (75,14, 1.000000) (75,15, 1.000000) (75,16, 1.000000) (75,17, 1.000000) (75,18, 1.000000) (75,19, 0.417602) (76,9, 0.416071) (76,10, 1.000000) (76,11, 1.000000) (76,12, 1.000000) (76,13, 1.000000) (76,14, 1.000000) (76,15, 1.000000) (76,16, 1.000000) (76,17, 1.000000) (76,18, 1.000000) (76,19, 0.417602) (77,9, 0.416071) (77,10, 1.000000) (77,11, 1.000000) (77,12, 1.000000) (77,13, 1.000000) (77,14, 1.000000) (77,15, 1.000000) (77,16, 1.000000) (77,17, 1.000000) (77,18, 1.000000) (77,19, 0.417602) (78,9, 0.327232) (78,10, 0.786480) (78,11, 0.786480) (78,12, 0.786480) (78,13, 0.786480) (78,14, 0.786480) (78,15, 0.786480) (78,16, 0.786480) (78,17, 0.786480) (78,18, 0.786480) (78,19, 0.328435)
o62 9 (93,16, 0.166388) (93,17, 0.752296) (93,18, 0.441206) (94,16, 0.221173) (94,17, 1.000000) (94,18, 0.586480) (95,16, 0.012244) (95,17, 0.055357) (95,18, 0.032466)
o63 24 (64,9, 0.281591) (64,10, 0.676786) (64,11, 0.676786) (64,12, 0.321991) (65,9, 0.416071) (65,10, 1.000000) (65,11, 1.000000) (65,12, 0.475765) (66,9, 0.416071) (66,10, 1.000000) (66,11, 1.000000) (66,12, 0.475765) (67,9, 0.416071) (67,10, 1.000000) (67,11, 1.000000) (67,12, 0.475765) (68,9, 0.416071) (68,10, 1.000000) (68,11, 1.000000) (68,12, 0.475765) (69,9, 0.280615) (69,10, 0.674439) (69,11, 0.674439) (69,12, 0.320875)
o64 12 (68,14, 0.059591) (68,15, 0.916071) (68,16, 0.916071) (68,17, 0.916071) (68,18, 0.916071) (68,19, 0.382553) (69,14, 0.043873) (69,15, 0.674439) (69,16, 0.674439) (69,17, 0.674439) (69,18, 0.674439) (69,19, 0.281647)
o65 20 (64,16, 0.320955) (64,17, 0.676786) (64,18, 0.676786) (64,19, 0.282627) (65,16, 0.474235) (65,17, 1.000000) (65,18, 1.000000) (65,19, 0.417602) (66,16, 0.474235) (66,17, 1.000000) (66,18, 1.000000) (66,19, 0.417602) (67,16, 0.474235) (67,17, 1.000000) (67,18, 1.000000) (67,19, 0.417602) (68,16, 0.341512) (68,17, 0.720133) (68,18, 0.720133) (68,19, 0.300729)
o66 17 (77,17, 0.065254) (78,17, 0.288776) (79,17, 0.288776) (80,17, 0.288776) (81,17, 0.288776) (82,17, 0.288776) (83,17, 0.288776) (84,17, 0.288776) (85,17, 0.288776) (86,17, 0.288776) (87,17, 0.288776) (88,17, 0.288776) (89,17, 0.288776) (90,17, 0.288776) (91,17, 0.288776) (92,17, 0.288776) (93,17, 0.280333)
o67 110 (29,10, 0.565871) (29,11, 0.675255) (29,12, 0.675255) (29,13, 0.675255) (29,14, 0.675255) (29,15, 0.675255) (29,16, 0.675255) (29,17, 0.675255) (29,18, 0.675255) (29,19, 0.673360) (30,10, 0.838010) (30,11, 1.000000) (30,12, 1.000000) (30,13, 1.000000) (30,14, 1.000000) (30,15, 1.000000) (30,16, 1.000000) (30,17, 1.000000) (30,18, 1.000000) (30,19, 0.997194) (31,10, 0.838010) (31,11, 1.000000) (31,12, 1.000000) (31,13, 1.000000) (31,14, 1.000000) (31,15, 1.000000) (31,16, 1.000000) (31,17, 1.000000) (31,18, 1.000000) (31,19, 0.997194) (32,10, 0.838010) (32,11, 1.000000) (32,12, 1.000000) (32,13, 1.000000) (32,14, 1.000000) (32,15, 1.000000) (32,16, 1.000000) (32,17, 1.000000) (32,18, 1.000000) (32,19, 0.997194) (33,10, 0.838010) (33,11, 1.000000) (33,12, 1.000000) (33,13, 1.000000) (33,14, 1.000000) (33,15, 1.000000) (33,16, 1.000000) (33,17, 1.000000) (33,18, 1.000000) (33,19, 0.997194) (34,10, 0.838010) (34,11, 1.000000) (34,12, 1.000000) (34,13, 1.000000) (34,14, 1.000000) (34,15, 1.000000) (34,16, 1.000000) (34,17, 1.000000) (34,18, 1.000000) (34,19, 0.997194) (35,10, 0.838010) (35,11, 1.000000) (35,12, 1.000000) (35,13, 1.000000) (35,14, 1.000000) (35,15, 1.000000) (35,16, 1.000000) (35,17, 1.000000) (35,18, 1.000000) (35,19, 0.997194) (36,10, 0.838010) (36,11, 1.000000) (36,12, 1.000000) (36,13, 1.000000) (36,14, 1.000000) (36,15, 1.000000) (36,16, 1.000000) (36,17, 1.000000) (36,18, 1.000000) (36,19, 0.997194) (37,10, 0.838010) (37,11, 1.000000) (37,12, 1.000000) (37,13, 1.000000) (37,14, 1.000000) (37,15, 1.000000) (37,16, 1.000000) (37,17, 1.000000) (37,18, 1.000000) (37,19, 0.997194) (38,10, 0.838010) (38,11, 1.000000) (38,12, 1.000000) (38,13, 1.000000) (38,14, 1.000000) (38,15, 1.000000) (38,16, 1.000000) (38,17, 1.000000) (38,18, 1.000000) (38,19, 0.997194) (39,10, 0.376036) (39,11, 0.448724) (39,12, 0.448724) (39,13, 0.448724) (39,14, 0.448724) (39,15, 0.448724) (39,16, 0.448724) (39,17, 0.448724) (39,18, 0.448724) (39,19, 0.447465)
o68 6 (13,16, 0.209268) (13,17, 0.946173) (13,18, 0.554911) (14,16, 0.190536) (14,17, 0.861480) (14,18, 0.505240)
o69 15 (38,10, 0.472364) (38,11, 0.563673) (38,12, 0.563673) (38,13, 0.563673) (38,14, 0.364231) (39,10, 0.838010) (39,11, 1.000000) (39,12, 1.000000) (39,13, 1.000000) (39,14, 0.646173) (40,10, 0.022447) (40,11, 0.026786) (40,12, 0.026786) (40,13, 0.026786) (40,14, 0.017308)
o70 18 (38,17, 0.505437) (38,18, 0.563673) (38,19, 0.562092) (39,17, 0.896684) (39,18, 1.000000) (39,19, 0.997194) (40,17, 0.896684) (40,18, 1.000000) (40,19, 0.997194) (41,17, 0.896684) (41,18, 1.000000) (41,19, 0.997194) (42,17, 0.896684) (42,18, 1.000000) (42,19, 0.997194) (43,17, 0.706138) (43,18, 0.787500) (43,19, 0.785290)
o71 20 (39,10, 0.510682) (39,11, 0.609398) (39,12, 0.609398) (39,13, 0.032802) (40,10, 0.838010) (40,11, 1.000000) (40,12, 1.000000) (40,13, 0.053827) (41,10, 0.838010) (41,11, 1.000000) (41,12, 1.000000) (41,13, 0.053827) (42,10, 0.838010) (42,11, 1.000000) (42,12, 1.000000) (42,13, 0.053827) (43,10, 0.659933) (43,11, 0.787500) (43,12, 0.787500) (43,13, 0.042388)
o72 17 (14,17, 0.248804) (15,17, 0.288776) (16,17, 0.288776) (17,17, 0.288776) (18,17, 0.288776) (19,17, 0.288776) (20,17, 0.288776) (21,17, 0.288776) (22,17, 0.288776) (23,17, 0.288776) (24,17, 0.288776) (25,17, 0.288776) (26,17, 0.288776) (27,17, 0.288776) (28,17, 0.288776) (29,17, 0.288776) (30,17, 0.097359)
o73 4 (14,42, 0.001025) (14,43, 0.038977) (15,42, 0.004607) (15,43, 0.175215)
o74 4 (16,42, 0.004558) (16,43, 0.173349) (17,42, 0.001059) (17,43, 0.040269)
o75 4 (17,42, 0.000689) (17,43, 0.026200) (18,42, 0.004943) (18,43, 0.187992)
o76 4 (19,42, 0.004222) (19,43, 0.160572) (20,42, 0.001410) (20,43, 0.053620)
o77 4 (20,42, 0.000357) (20,43, 0.013566) (21,42, 0.005245) (21,43, 0.199477)
o78 4 (22,42, 0.003886) (22,43, 0.147795) (23,42, 0.001731) (23,43, 0.065822)
o79 4 (23,42, 0.000036) (23,43, 0.001364) (24,42, 0.005596) (24,43, 0.212828)
o80 4 (25,42, 0.003565) (25,43, 0.135592) (26,42, 0.002067) (26,43, 0.078599)
o81 2 (27,42, 0.005632) (27,43, 0.214191)
o82 4 (28,42, 0.003233) (28,43, 0.122959) (29,42, 0.002384) (29,43, 0.090658)
o83 4 (78,42, 0.001580) (78,43, 0.060080) (79,42, 0.004052) (79,43, 0.154112)
o84 4 (80,42, 0.005113) (80,43, 0.194452) (81,42, 0.000519) (81,43, 0.019739)
o85 4 (81,42, 0.001259) (81,43, 0.047877) (82,42, 0.004388) (82,43, 0.166888)
o86 4 (83,42, 0.004792) (83,43, 0.182249) (84,42, 0.000840) (84,43, 0.031942)
o87 4 (84,42, 0.000938) (84,43, 0.035675) (85,42, 0.004694) (85,43, 0.178517)
o88 4 (86,42, 0.004456) (86,43, 0.169473) (87,42, 0.001176) (87,43, 0.044719)
o89 4 (87,42, 0.000591) (87,43, 0.022467) (88,42, 0.005041) (88,43, 0.191724)
o90 4 (89,42, 0.004120) (89,43, 0.156696) (90,42, 0.001512) (90,43, 0.057496)
o91 4 (90,42, 0.000255) (90,43, 0.009690) (91,42, 0.005362) (91,43, 0.203927)
o92 4 (92,42, 0.003788) (92,43, 0.144062) (93,42, 0.001814) (93,43, 0.068981)
o93 23 (26,44, 0.153720) (27,44, 0.289286) (28,44, 0.289286) (29,44, 0.289286) (30,44, 0.289286) (31,44, 0.289286) (32,44, 0.289286) (33,44, 0.289286) (34,44, 0.289286) (35,44, 0.289286) (36,44, 0.289286) (37,44, 0.289286) (38,44, 0.289286) (39,44, 0.289286) (40,44, 0.289286) (41,44, 0.289286) (42,44, 0.289286) (43,44, 0.289286) (44,44, 0.289286) (45,44, 0.289286) (46,44, 0.289286) (47,44, 0.289286) (48,44, 0.161690)
o94 6 (25,80, 0.275514) (25,81, 0.249720) (26,80, 0.948214) (26,81, 0.859439) (27,80, 0.490314) (27,81, 0.444409)
o95 37 (26,44, 0.195852) (26,45, 0.288776) (26,46, 0.288776) (26,47, 0.288776) (26,48, 0.288776) (26,49, 0.288776) (26,50, 0.288776) (26,51, 0.288776) (26,52, 0.288776) (26,53, 0.288776) (26,54, 0.288776) (26,55, 0.288776) (26,56, 0.288776) (26,57, 0.288776) (26,58, 0.288776) (26,59, 0.288776) (26,60, 0.288776) (26,61, 0.288776) (26,62, 0.288776) (26,63, 0.288776) (26,64, 0.288776) (26,65, 0.288776) (26,66, 0.288776) (26,67, 0.288776) (26,68, 0.288776) (26,69, 0.288776) (26,70, 0.288776) (26,71, 0.288776) (26,72, 0.288776) (26,73, 0.288776) (26,74, 0.288776) (26,75, 0.288776) (26,76, 0.288776) (26,77, 0.288776) (26,78, 0.288776) (26,79, 0.288776) (26,80, 0.223757)
o96 28 (31,50, 0.005836) (31,51, 0.025528) (32,50, 0.053827) (32,51, 0.235459) (33,50, 0.053827) (33,51, 0.235459) (34,50, 0.053827) (34,51, 0.235459) (35,50, 0.053827) (35,51, 0.235459) (36,50, 0.053827) (36,51, 0.235459) (37,50, 0.053827) (37,51, 0.235459) (38,50, 0.053827) (38,51, 0.235459) (39,50, 0.053827) (39,51, 0.235459) (40,50, 0.053827) (40,51, 0.235459) (41,50, 0.053827) (41,51, 0.235459) (42,50, 0.053827) (42,51, 0.235459) (43,50, 0.053827) (43,51, 0.235459) (44,50, 0.035221) (44,51, 0.154070)
o97 14 (31,76, 0.029732) (31,77, 0.001576) (32,76, 0.274235) (32,77, 0.014541) (33,76, 0.274235) (33,77, 0.014541) (34,76, 0.274235) (34,77, 0.014541) (35,76, 0.274235) (35,77, 0.014541) (36,76, 0.274235) (36,77, 0.014541) (37,76, 0.165450) (37,77, 0.008773)
o98 6 (36,80, 0.422100) (36,81, 0.382582) (37,80, 0.948214) (37,81, 0.859439) (38,80, 0.343728) (38,81, 0.311547)
o99 52 (31,51, 0.095436) (31,52, 0.108418) (31,53, 0.108418) (31,54, 0.108418) (31,55, 0.108418) (31,56, 0.108418) (31,57, 0.108418) (31,58, 0.108418) (31,59, 0.108418) (31,60, 0.108418) (31,61, 0.108418) (31,62, 0.108418) (31,63, 0.108418) (31,64, 0.108418) (31,65, 0.108418) (31,66, 0.108418) (31,67, 0.108418) (31,68, 0.108418) (31,69, 0.108418) (31,70, 0.108418) (31,71, 0.108418) (31,72, 0.108418) (31,73, 0.108418) (31,74, 0.108418) (31,75, 0.108418) (31,76, 0.091210) (32,51, 0.158760) (32,52, 0.180357) (32,53, 0.180357) (32,54, 0.180357) (32,55, 0.180357) (32,56, 0.180357) (32,57, 0.180357) (32,58, 0.180357) (32,59, 0.180357) (32,60, 0.180357) (32,61, 0.180357) (32,62, 0.180357) (32,63, 0.180357) (32,64, 0.180357) (32,65, 0.180357) (32,66, 0.180357) (32,67, 0.180357) (32,68, 0.180357) (32,69, 0.180357) (32,70, 0.180357) (32,71, 0.180357) (32,72, 0.180357) (32,73, 0.180357) (32,74, 0.180357) (32,75, 0.180357) (32,76, 0.151730)
o100 5 (37,76, 0.029157) (37,77, 0.288776) (37,78, 0.288776) (37,79, 0.288776) (37,80, 0.223757)
o101 18 (32,55, 0.001692) (32,56, 0.061990) (32,57, 0.061990) (32,58, 0.061990) (32,59, 0.061990) (32,60, 0.061990) (32,61, 0.061990) (32,62, 0.061990) (32,63, 0.030505) (33,55, 0.006190) (33,56, 0.226786) (33,57, 0.226786) (33,58, 0.226786) (33,59, 0.226786) (33,60, 0.226786) (33,61, 0.226786) (33,62, 0.226786) (33,63, 0.111599)
o102 9 (82,55, 0.007882) (82,56, 0.288776) (82,57, 0.288776) (82,58, 0.288776) (82,59, 0.288776) (82,60, 0.288776) (82,61, 0.288776) (82,62, 0.288776) (82,63, 0.142104)
o103 13 (84,65, 0.087616) (84,66, 0.290816) (84,67, 0.290816) (84,68, 0.290816) (84,69, 0.290816) (84,70, 0.290816) (84,71, 0.290816) (84,72, 0.290816) (84,73, 0.290816) (84,74, 0.290816) (84,75, 0.290816) (84,76, 0.290816) (84,77, 0.088358)
o104 6 (58,80, 0.712370) (58,81, 0.645675) (59,80, 0.948214) (59,81, 0.859439) (60,80, 0.053458) (60,81, 0.048453)
o105 9 (76,65, 0.110869) (77,65, 0.288776) (78,65, 0.288776) (79,65, 0.288776) (80,65, 0.288776) (81,65, 0.288776) (82,65, 0.288776) (83,65, 0.288776) (84,65, 0.125161)
o106 4 (59,77, 0.285079) (59,78, 0.289286) (59,79, 0.289286) (59,80, 0.224152)
o107 26 (59,77, 0.236786) (60,77, 0.289286) (61,77, 0.289286) (62,77, 0.289286) (63,77, 0.289286) (64,77, 0.289286) (65,77, 0.289286) (66,77, 0.289286) (67,77, 0.289286) (68,77, 0.289286) (69,77, 0.289286) (70,77, 0.289286) (71,77, 0.289286) (72,77, 0.289286) (73,77, 0.289286) (74,77, 0.289286) (75,77, 0.289286) (76,77, 0.289286) (77,77, 0.289286) (78,77, 0.289286) (79,77, 0.289286) (80,77, 0.289286) (81,77, 0.289286) (82,77, 0.289286) (83,77, 0.289286) (84,77, 0.125382)
o108 8 (32,71, 0.061120) (32,72, 0.061990) (32,73, 0.061990) (32,74, 0.038981) (33,71, 0.225616) (33,72, 0.228827) (33,73, 0.228827) (33,74, 0.143892)
o109 4 (33,74, 0.256288) (34,74, 0.288776) (35,74, 0.288776) (36,74, 0.160226)
o110 4 (79,74, 0.267044) (80,74, 0.288776) (81,74, 0.288776) (82,74, 0.199417)
o111 4 (82,71, 0.284724) (82,72, 0.288776) (82,73, 0.288776) (82,74, 0.131555)
o112 3 (18,74, 0.107186) (18,75, 0.288776) (18,76, 0.126045)
o113 3 (89,74, 0.106428) (89,75, 0.286735) (89,76, 0.125154)
o114 3 (15,77, 0.067553) (16,77, 0.288776) (17,77, 0.165678)
o115 3 (19,77, 0.178643) (20,77, 0.288776) (21,77, 0.054587)
o116 3 (86,77, 0.022616) (87,77, 0.288776) (88,77, 0.210615)
o117 3 (90,77, 0.133706) (91,77, 0.288776) (92,77, 0.099524)
o118 3 (18,78, 0.218276) (18,79, 0.288776) (18,80, 0.014954)
o119 3 (89,78, 0.216733) (89,79, 0.286735) (89,80, 0.014849)
FIN
