109 84 2.060000
o1 65 (92,5, 0.029893) (92,6, 0.446553) (92,7, 0.446553) (92,8, 0.446553) (92,9, 0.167371) (93,5, 0.066942) (93,6, 1.000000) (93,7, 1.000000) (93,8, 1.000000) (93,9, 0.374806) (94,5, 0.066942) (94,6, 1.000000) (94,7, 1.000000) (94,8, 1.000000) (94,9, 0.374806) (95,5, 0.066942) (95,6, 1.000000) (95,7, 1.000000) (95,8, 1.000000) (95,9, 0.374806) (96,5, 0.066942) (96,6, 1.000000) (96,7, 1.000000) (96,8, 1.000000) (96,9, 0.374806) (97,5, 0.066942) (97,6, 1.000000) (97,7, 1.000000) (97,8, 1.000000) (97,9, 0.374806) (98,5, 0.066942) (98,6, 1.000000) (98,7, 1.000000) (98,8, 1.000000) (98,9, 0.374806) (99,5, 0.066942) (99,6, 1.000000) (99,7, 1.000000) (99,8, 1.000000) (99,9, 0.374806) (100,5, 0.066942) (100,6, 1.000000) (100,7, 1.000000) (100,8, 1.000000) (100,9, 0.374806) (101,5, 0.066942) (101,6, 1.000000) (101,7, 1.000000) (101,8, 1.000000) (101,9, 0.374806) (102,5, 0.066942) (102,6, 1.000000) (102,7, 1.000000) (102,8, 1.000000) (102,9, 0.374806) (103,5, 0.066942) (103,6, 1.000000) (103,7, 1.000000) (103,8, 1.000000) (103,9, 0.374806) (104,5, 0.039778) (104,6, 0.594223) (104,7, 0.594223) (104,8, 0.594223) (104,9, 0.222718)
o2 12 (92,9, 0.432875) (92,10, 0.446553) (92,11, 0.446553) (92,12, 0.363768) (93,9, 0.969369) (93,10, 1.000000) (93,11, 1.000000) (93,12, 0.814612) (94,9, 0.264977) (94,10, 0.273350) (94,11, 0.273350) (94,12, 0.222674)
o3 28 (25,7, 0.057707) (26,7, 0.275243) (27,7, 0.275243) (28,7, 0.275243) (29,7, 0.275243) (30,7, 0.275243) (31,7, 0.275243) (32,7, 0.275243) (33,7, 0.275243) (34,7, 0.275243) (35,7, 0.275243) (36,7, 0.275243) (37,7, 0.275243) (38,7, 0.275243) (39,7, 0.275243) (40,7, 0.275243) (41,7, 0.275243) (42,7, 0.275243) (43,7, 0.275243) (44,7, 0.275243) (45,7, 0.275243) (46,7, 0.275243) (47,7, 0.275243) (48,7, 0.275243) (49,7, 0.275243) (50,7, 0.275243) (51,7, 0.275243) (52,7, 0.102895)
o4 17 (10,13, 0.250798) (11,13, 0.277184) (12,13, 0.277184) (13,13, 0.277184) (14,13, 0.277184) (15,13, 0.277184) (16,13, 0.277184) (17,13, 0.277184) (18,13, 0.277184) (19,13, 0.277184) (20,13, 0.277184) (21,13, 0.277184) (22,13, 0.277184) (23,13, 0.277184) (24,13, 0.277184) (25,13, 0.277184) (26,13, 0.018178)
o5 9 (9,14, 0.291923) (9,15, 0.627136) (9,16, 0.159554) (10,14, 0.465485) (10,15, 1.000000) (10,16, 0.254417) (11,14, 0.043182) (11,15, 0.092767) (11,16, 0.023602)
o6 12 (52,14, 0.265860) (52,15, 0.900922) (52,16, 0.900922) (52,17, 0.412894) (53,14, 0.295097) (53,15, 1.000000) (53,16, 1.000000) (53,17, 0.458301) (54,14, 0.250990) (54,15, 0.850534) (54,16, 0.850534) (54,17, 0.389801)
o7 14 (25,7, 0.059611) (25,8, 0.209660) (25,9, 0.209660) (25,10, 0.209660) (25,11, 0.209660) (25,12, 0.209660) (25,13, 0.075366) (26,7, 0.018646) (26,8, 0.065583) (26,9, 0.065583) (26,10, 0.065583) (26,11, 0.065583) (26,12, 0.065583) (26,13, 0.023575)
o8 2 (52,14, 0.743130) (53,14, 0.277928)
o9 3 (10,13, 0.161044) (10,14, 0.275243) (10,15, 0.061235)
o10 4 (54,14, 0.125302) (54,15, 0.401340) (55,14, 0.118053) (55,15, 0.378124)
o11 4 (51,16, 0.351741) (51,17, 0.206658) (52,16, 0.291912) (52,17, 0.171507)
o12 4 (53,17, 0.316860) (53,18, 0.003219) (54,17, 0.694919) (54,18, 0.007060)
o13 8 (52,7, 0.078119) (52,8, 0.274757) (52,9, 0.274757) (52,10, 0.274757) (52,11, 0.274757) (52,12, 0.274757) (52,13, 0.274757) (52,14, 0.133348)
o14 17 (84,13, 0.149612) (85,13, 0.277184) (86,13, 0.277184) (87,13, 0.277184) (88,13, 0.277184) (89,13, 0.277184) (90,13, 0.277184) (91,13, 0.277184) (92,13, 0.277184) (93,13, 0.277184) (94,13, 0.277184) (95,13, 0.277184) (96,13, 0.277184) (97,13, 0.277184) (98,13, 0.277184) (99,13, 0.277184) (100,13, 0.119768)
o15 9 (99,14, 0.263225) (99,15, 0.565485) (99,16, 0.143869) (100,14, 0.465485) (100,15, 1.000000) (100,16, 0.254417) (101,14, 0.071879) (101,15, 0.154417) (101,16, 0.039287)
o16 16 (55,14, 0.095248) (55,15, 0.322767) (55,16, 0.322767) (55,17, 0.147924) (56,14, 0.295097) (56,15, 1.000000) (56,16, 1.000000) (56,17, 0.458301) (57,14, 0.295097) (57,15, 1.000000) (57,16, 1.000000) (57,17, 0.458301) (58,14, 0.126505) (58,15, 0.428689) (58,16, 0.428689) (58,17, 0.196469)
o17 30 (55,7, 0.088839) (56,7, 0.275243) (57,7, 0.275243) (58,7, 0.275243) (59,7, 0.275243) (60,7, 0.275243) (61,7, 0.275243) (62,7, 0.275243) (63,7, 0.275243) (64,7, 0.275243) (65,7, 0.275243) (66,7, 0.275243) (67,7, 0.275243) (68,7, 0.275243) (69,7, 0.275243) (70,7, 0.275243) (71,7, 0.275243) (72,7, 0.275243) (73,7, 0.275243) (74,7, 0.275243) (75,7, 0.275243) (76,7, 0.275243) (77,7, 0.275243) (78,7, 0.275243) (79,7, 0.275243) (80,7, 0.275243) (81,7, 0.275243) (82,7, 0.275243) (83,7, 0.275243) (84,7, 0.157142)
o18 7 (84,7, 0.124367) (84,8, 0.276699) (84,9, 0.276699) (84,10, 0.276699) (84,11, 0.276699) (84,12, 0.276699) (84,13, 0.099464)
o19 2 (55,14, 0.266236) (56,14, 0.755222)
o20 3 (100,13, 0.160760) (100,14, 0.274757) (100,15, 0.061127)
o21 2 (58,14, 0.243498) (58,15, 0.779923)
o22 2 (55,16, 0.645168) (55,17, 0.379055)
o23 4 (57,17, 0.661524) (57,18, 0.006721) (58,17, 0.350256) (58,18, 0.003559)
o24 8 (55,7, 0.078119) (55,8, 0.274757) (55,9, 0.274757) (55,10, 0.274757) (55,11, 0.274757) (55,12, 0.274757) (55,13, 0.274757) (55,14, 0.103087)
o25 3 (21,7, 0.094818) (21,8, 0.274757) (21,9, 0.102981)
o26 6 (88,7, 0.008024) (88,8, 0.023252) (88,9, 0.008715) (89,7, 0.086124) (89,8, 0.249563) (89,9, 0.093538)
o27 22 (27,8, 0.076146) (28,8, 0.276699) (29,8, 0.276699) (30,8, 0.276699) (31,8, 0.276699) (32,8, 0.276699) (33,8, 0.276699) (34,8, 0.276699) (35,8, 0.276699) (36,8, 0.276699) (37,8, 0.276699) (38,8, 0.276699) (39,8, 0.276699) (40,8, 0.276699) (41,8, 0.276699) (42,8, 0.276699) (43,8, 0.276699) (44,8, 0.276699) (45,8, 0.276699) (46,8, 0.276699) (47,8, 0.276699) (48,8, 0.220164)
o28 9 (12,14, 0.087199) (12,15, 0.187330) (12,16, 0.047660) (13,14, 0.465485) (13,15, 1.000000) (13,16, 0.254417) (14,14, 0.247905) (14,15, 0.532573) (14,16, 0.135496)
o29 16 (48,14, 0.141374) (48,15, 0.479078) (48,16, 0.479078) (48,17, 0.219562) (49,14, 0.295097) (49,15, 1.000000) (49,16, 1.000000) (49,17, 0.458301) (50,14, 0.295097) (50,15, 1.000000) (50,16, 1.000000) (50,17, 0.458301) (51,14, 0.080808) (51,15, 0.273835) (51,16, 0.273835) (51,17, 0.125499)
o30 30 (13,13, 0.052969) (13,14, 0.029418) (14,13, 0.176650) (14,14, 0.098107) (15,13, 0.176650) (15,14, 0.098107) (16,13, 0.176650) (16,14, 0.098107) (17,13, 0.176650) (17,14, 0.098107) (18,13, 0.176650) (18,14, 0.098107) (19,13, 0.176650) (19,14, 0.098107) (20,13, 0.176650) (20,14, 0.098107) (21,13, 0.176650) (21,14, 0.098107) (22,13, 0.176650) (22,14, 0.098107) (23,13, 0.176650) (23,14, 0.098107) (24,13, 0.176650) (24,14, 0.098107) (25,13, 0.176650) (25,14, 0.098107) (26,13, 0.176650) (26,14, 0.098107) (27,13, 0.176573) (27,14, 0.098064)
o31 3 (13,13, 0.048622) (13,14, 0.275243) (13,15, 0.061235)
o32 2 (48,14, 0.395169) (49,14, 0.625888)
o33 4 (50,14, 0.000430) (50,15, 0.001376) (51,14, 0.243111) (51,15, 0.778684)
o34 4 (47,16, 0.022682) (47,17, 0.013326) (48,16, 0.621085) (48,17, 0.364905)
o35 4 (50,17, 0.789236) (50,18, 0.008018) (51,17, 0.223734) (51,18, 0.002273)
o36 6 (27,8, 0.201520) (27,9, 0.274757) (27,10, 0.274757) (27,11, 0.274757) (27,12, 0.274757) (27,13, 0.256418)
o37 7 (48,8, 0.201520) (48,9, 0.274757) (48,10, 0.274757) (48,11, 0.274757) (48,12, 0.274757) (48,13, 0.274757) (48,14, 0.133348)
o38 24 (59,8, 0.206571) (60,8, 0.276699) (61,8, 0.276699) (62,8, 0.276699) (63,8, 0.276699) (64,8, 0.276699) (65,8, 0.276699) (66,8, 0.276699) (67,8, 0.276699) (68,8, 0.276699) (69,8, 0.276699) (70,8, 0.276699) (71,8, 0.276699) (72,8, 0.276699) (73,8, 0.276699) (74,8, 0.276699) (75,8, 0.276699) (76,8, 0.276699) (77,8, 0.276699) (78,8, 0.276699) (79,8, 0.276699) (80,8, 0.276699) (81,8, 0.276699) (82,8, 0.221641)
o39 9 (95,14, 0.002463) (95,15, 0.005291) (95,16, 0.001346) (96,14, 0.465485) (96,15, 1.000000) (96,16, 0.254417) (97,14, 0.332641) (97,15, 0.714612) (97,16, 0.181810)
o40 16 (59,14, 0.220306) (59,15, 0.746553) (59,16, 0.746553) (59,17, 0.342146) (60,14, 0.295097) (60,15, 1.000000) (60,16, 1.000000) (60,17, 0.458301) (61,14, 0.295097) (61,15, 1.000000) (61,16, 1.000000) (61,17, 0.458301) (62,14, 0.002020) (62,15, 0.006845) (62,16, 0.006845) (62,17, 0.003137)
o41 7 (82,8, 0.201876) (82,9, 0.275243) (82,10, 0.275243) (82,11, 0.275243) (82,12, 0.275243) (82,13, 0.275243) (82,14, 0.027003)
o42 30 (82,13, 0.054599) (82,14, 0.030323) (83,13, 0.176650) (83,14, 0.098107) (84,13, 0.176650) (84,14, 0.098107) (85,13, 0.176650) (85,14, 0.098107) (86,13, 0.176650) (86,14, 0.098107) (87,13, 0.176650) (87,14, 0.098107) (88,13, 0.176650) (88,14, 0.098107) (89,13, 0.176650) (89,14, 0.098107) (90,13, 0.176650) (90,14, 0.098107) (91,13, 0.176650) (91,14, 0.098107) (92,13, 0.176650) (92,14, 0.098107) (93,13, 0.176650) (93,14, 0.098107) (94,13, 0.176650) (94,14, 0.098107) (95,13, 0.176650) (95,14, 0.098107) (96,13, 0.175287) (96,14, 0.097350)
o43 2 (59,14, 0.615798) (60,14, 0.405660)
o44 3 (96,13, 0.003241) (96,14, 0.274757) (96,15, 0.061127)
o45 4 (61,14, 0.079232) (61,15, 0.253780) (62,14, 0.164323) (62,15, 0.526326)
o46 4 (58,16, 0.231326) (58,17, 0.135911) (59,16, 0.412479) (59,17, 0.242343)
o47 6 (60,17, 0.190735) (60,18, 0.001938) (61,17, 0.817039) (61,18, 0.008301) (62,17, 0.005592) (62,18, 0.000057)
o48 7 (59,8, 0.201520) (59,9, 0.274757) (59,10, 0.274757) (59,11, 0.274757) (59,12, 0.274757) (59,13, 0.274757) (59,14, 0.133348)
o49 6 (16,14, 0.347962) (16,15, 0.747524) (16,16, 0.190183) (17,14, 0.452628) (17,15, 0.972379) (17,16, 0.247390)
o50 30 (42,14, 0.239215) (42,15, 0.810631) (42,16, 0.810631) (42,17, 0.810631) (42,18, 0.006729) (43,14, 0.295097) (43,15, 1.000000) (43,16, 1.000000) (43,17, 1.000000) (43,18, 0.008301) (44,14, 0.295097) (44,15, 1.000000) (44,16, 1.000000) (44,17, 1.000000) (44,18, 0.008301) (45,14, 0.295097) (45,15, 1.000000) (45,16, 1.000000) (45,17, 1.000000) (45,18, 0.008301) (46,14, 0.295097) (46,15, 1.000000) (46,16, 1.000000) (46,17, 1.000000) (46,18, 0.008301) (47,14, 0.204720) (47,15, 0.693738) (47,16, 0.693738) (47,17, 0.693738) (47,18, 0.005759)
o51 8 (29,8, 0.095485) (29,9, 0.274757) (29,10, 0.274757) (29,11, 0.274757) (29,12, 0.274757) (29,13, 0.274757) (29,14, 0.274757) (29,15, 0.100820)
o52 16 (46,8, 0.045532) (46,9, 0.131019) (46,10, 0.131019) (46,11, 0.131019) (46,12, 0.131019) (46,13, 0.131019) (46,14, 0.131019) (46,15, 0.004617) (47,8, 0.050121) (47,9, 0.144223) (47,10, 0.144223) (47,11, 0.144223) (47,12, 0.144223) (47,13, 0.144223) (47,14, 0.144223) (47,15, 0.005083)
o53 13 (17,15, 0.196959) (18,15, 0.275243) (19,15, 0.275243) (20,15, 0.275243) (21,15, 0.275243) (22,15, 0.275243) (23,15, 0.275243) (24,15, 0.275243) (25,15, 0.275243) (26,15, 0.275243) (27,15, 0.275243) (28,15, 0.275243) (29,15, 0.257486)
o54 4 (47,14, 0.252809) (47,15, 0.809747) (48,14, 0.072499) (48,15, 0.232215)
o55 6 (41,16, 0.279795) (41,17, 0.358689) (41,18, 0.002977) (42,16, 0.577084) (42,17, 0.739806) (42,18, 0.006141)
o56 18 (29,8, 0.047922) (30,8, 0.274757) (31,8, 0.274757) (32,8, 0.274757) (33,8, 0.274757) (34,8, 0.274757) (35,8, 0.274757) (36,8, 0.274757) (37,8, 0.274757) (38,8, 0.274757) (39,8, 0.274757) (40,8, 0.274757) (41,8, 0.274757) (42,8, 0.274757) (43,8, 0.274757) (44,8, 0.274757) (45,8, 0.274757) (46,8, 0.269009)
o57 28 (62,14, 0.142231) (62,15, 0.168398) (62,16, 0.168398) (62,17, 0.077177) (63,14, 0.844612) (63,15, 1.000000) (63,16, 1.000000) (63,17, 0.458301) (64,14, 0.844612) (64,15, 1.000000) (64,16, 1.000000) (64,17, 0.458301) (65,14, 0.844612) (65,15, 1.000000) (65,16, 1.000000) (65,17, 0.458301) (66,14, 0.844612) (66,15, 1.000000) (66,16, 1.000000) (66,17, 0.458301) (67,14, 0.844612) (67,15, 1.000000) (67,16, 1.000000) (67,17, 0.458301) (68,14, 0.284175) (68,15, 0.336456) (68,16, 0.336456) (68,17, 0.154198)
o58 9 (92,14, 0.207864) (92,15, 0.446553) (92,16, 0.113611) (93,14, 0.465485) (93,15, 1.000000) (93,16, 0.254417) (94,14, 0.127240) (94,15, 0.273350) (94,16, 0.069545)
o59 19 (62,8, 0.000974) (63,8, 0.274757) (64,8, 0.274757) (65,8, 0.274757) (66,8, 0.274757) (67,8, 0.274757) (68,8, 0.274757) (69,8, 0.274757) (70,8, 0.274757) (71,8, 0.274757) (72,8, 0.274757) (73,8, 0.274757) (74,8, 0.274757) (75,8, 0.274757) (76,8, 0.274757) (77,8, 0.274757) (78,8, 0.274757) (79,8, 0.274757) (80,8, 0.238092)
o60 14 (62,8, 0.058522) (62,9, 0.168398) (62,10, 0.168398) (62,11, 0.168398) (62,12, 0.168398) (62,13, 0.168398) (62,14, 0.081788) (63,8, 0.036962) (63,9, 0.106359) (63,10, 0.106359) (63,11, 0.106359) (63,12, 0.106359) (63,13, 0.106359) (63,14, 0.051657)
o61 4 (67,14, 0.180771) (67,15, 0.202299) (68,14, 0.748711) (68,15, 0.837873)
o62 4 (62,16, 0.560385) (62,17, 0.329243) (63,16, 0.298047) (63,17, 0.175111)
o63 14 (80,15, 0.112355) (81,15, 0.275243) (82,15, 0.275243) (83,15, 0.275243) (84,15, 0.275243) (85,15, 0.275243) (86,15, 0.275243) (87,15, 0.275243) (88,15, 0.275243) (89,15, 0.275243) (90,15, 0.275243) (91,15, 0.275243) (92,15, 0.275243) (93,15, 0.066446)
o64 8 (80,8, 0.050190) (80,9, 0.274757) (80,10, 0.274757) (80,11, 0.274757) (80,12, 0.274757) (80,13, 0.274757) (80,14, 0.274757) (80,15, 0.100820)
o65 3 (18,10, 0.045544) (19,10, 0.272816) (20,10, 0.150856)
o66 2 (22,10, 0.198374) (23,10, 0.270842)
o67 3 (86,10, 0.126992) (87,10, 0.272816) (88,10, 0.069409)
o68 3 (89,10, 0.007006) (90,10, 0.272816) (91,10, 0.189395)
o69 6 (5,11, 0.060602) (5,12, 0.054532) (6,11, 0.905291) (6,12, 0.814612) (7,11, 0.589362) (7,12, 0.530328)
o70 6 (9,11, 0.567741) (9,12, 0.510872) (10,11, 0.905291) (10,12, 0.814612) (11,11, 0.083981) (11,12, 0.075569)
o71 6 (12,11, 0.169588) (12,12, 0.152601) (13,11, 0.905291) (13,12, 0.814612) (14,11, 0.482134) (14,12, 0.433840)
o72 8 (10,11, 0.108897) (10,12, 0.054925) (11,11, 0.182961) (11,12, 0.092282) (12,11, 0.182961) (12,12, 0.092282) (13,11, 0.091596) (13,12, 0.046199)
o73 2 (21,11, 0.248735) (21,12, 0.223820)
o74 4 (88,11, 0.021050) (88,12, 0.018942) (89,11, 0.225927) (89,12, 0.203297)
o75 6 (95,11, 0.004790) (95,12, 0.004310) (96,11, 0.905291) (96,12, 0.814612) (97,11, 0.646932) (97,12, 0.582131)
o76 6 (99,11, 0.511929) (99,12, 0.460651) (100,11, 0.905291) (100,12, 0.814612) (101,11, 0.139793) (101,12, 0.125790)
o77 8 (97,11, 0.178085) (97,12, 0.089822) (98,11, 0.182961) (98,12, 0.092282) (99,11, 0.182961) (99,12, 0.092282) (100,11, 0.022408) (100,12, 0.011302)
o78 6 (102,11, 0.113777) (102,12, 0.102380) (103,11, 0.905291) (103,12, 0.814612) (104,11, 0.537945) (104,12, 0.484061)
o79 100 (69,11, 0.730844) (69,12, 0.838786) (69,13, 0.838786) (69,14, 0.838786) (69,15, 0.838786) (69,16, 0.838786) (69,17, 0.838786) (69,18, 0.838786) (69,19, 0.838786) (69,20, 0.406811) (70,11, 0.871311) (70,12, 1.000000) (70,13, 1.000000) (70,14, 1.000000) (70,15, 1.000000) (70,16, 1.000000) (70,17, 1.000000) (70,18, 1.000000) (70,19, 1.000000) (70,20, 0.485000) (71,11, 0.871311) (71,12, 1.000000) (71,13, 1.000000) (71,14, 1.000000) (71,15, 1.000000) (71,16, 1.000000) (71,17, 1.000000) (71,18, 1.000000) (71,19, 1.000000) (71,20, 0.485000) (72,11, 0.871311) (72,12, 1.000000) (72,13, 1.000000) (72,14, 1.000000) (72,15, 1.000000) (72,16, 1.000000) (72,17, 1.000000) (72,18, 1.000000) (72,19, 1.000000) (72,20, 0.485000) (73,11, 0.871311) (73,12, 1.000000) (73,13, 1.000000) (73,14, 1.000000) (73,15, 1.000000) (73,16, 1.000000) (73,17, 1.000000) (73,18, 1.000000) (73,19, 1.000000) (73,20, 0.485000) (74,11, 0.871311) (74,12, 1.000000) (74,13, 1.000000) (74,14, 1.000000) (74,15, 1.000000) (74,16, 1.000000) (74,17, 1.000000) (74,18, 1.000000) (74,19, 1.000000) (74,20, 0.485000) (75,11, 0.871311) (75,12, 1.000000) (75,13, 1.000000) (75,14, 1.000000) (75,15, 1.000000) (75,16, 1.000000) (75,17, 1.000000) (75,18, 1.000000) (75,19, 1.000000) (75,20, 0.485000) (76,11, 0.871311) (76,12, 1.000000) (76,13, 1.000000) (76,14, 1.000000) (76,15, 1.000000) (76,16, 1.000000) (76,17, 1.000000) (76,18, 1.000000) (76,19, 1.000000) (76,20, 0.485000) (77,11, 0.871311) (77,12, 1.000000) (77,13, 1.000000) (77,14, 1.000000) (77,15, 1.000000) (77,16, 1.000000) (77,17, 1.000000) (77,18, 1.000000) (77,19, 1.000000) (77,20, 0.485000) (78,11, 0.692015) (78,12, 0.794223) (78,13, 0.794223) (78,14, 0.794223) (78,15, 0.794223) (78,16, 0.794223) (78,17, 0.794223) (78,18, 0.794223) (78,19, 0.794223) (78,20, 0.385198)
o80 9 (92,17, 0.011467) (92,18, 0.446553) (92,19, 0.310008) (93,17, 0.025680) (93,18, 1.000000) (93,19, 0.694223) (94,17, 0.007020) (94,18, 0.273350) (94,19, 0.189766)
o81 18 (65,11, 0.842507) (65,12, 0.966942) (65,13, 0.851050) (66,11, 0.871311) (66,12, 1.000000) (66,13, 0.880146) (67,11, 0.871311) (67,12, 1.000000) (67,13, 0.880146) (68,11, 0.871311) (68,12, 1.000000) (68,13, 0.880146) (69,11, 0.871311) (69,12, 1.000000) (69,13, 0.880146) (70,11, 0.108491) (70,12, 0.124515) (70,13, 0.109591)
o82 15 (68,16, 0.303272) (68,17, 0.388786) (68,18, 0.388786) (68,19, 0.388786) (68,20, 0.188561) (69,16, 0.780049) (69,17, 1.000000) (69,18, 1.000000) (69,19, 1.000000) (69,20, 0.485000) (70,16, 0.097127) (70,17, 0.124515) (70,18, 0.124515) (70,19, 0.124515) (70,20, 0.060390)
o83 20 (65,17, 0.257648) (65,18, 0.966942) (65,19, 0.966942) (65,20, 0.468967) (66,17, 0.266456) (66,18, 1.000000) (66,19, 1.000000) (66,20, 0.485000) (67,17, 0.266456) (67,18, 1.000000) (67,19, 1.000000) (67,20, 0.485000) (68,17, 0.266456) (68,18, 1.000000) (68,19, 1.000000) (68,20, 0.485000) (69,17, 0.057697) (69,18, 0.216534) (69,19, 0.216534) (69,20, 0.105019)
o84 17 (77,18, 0.046455) (78,18, 0.274757) (79,18, 0.274757) (80,18, 0.274757) (81,18, 0.274757) (82,18, 0.274757) (83,18, 0.274757) (84,18, 0.274757) (85,18, 0.274757) (86,18, 0.274757) (87,18, 0.274757) (88,18, 0.274757) (89,18, 0.274757) (90,18, 0.274757) (91,18, 0.274757) (92,18, 0.274757) (93,18, 0.066329)
o85 121 (31,11, 0.085615) (31,12, 0.266456) (31,13, 0.266456) (31,14, 0.266456) (31,15, 0.266456) (31,16, 0.266456) (31,17, 0.266456) (31,18, 0.266456) (31,19, 0.266456) (31,20, 0.266456) (31,21, 0.009714) (32,11, 0.321311) (32,12, 1.000000) (32,13, 1.000000) (32,14, 1.000000) (32,15, 1.000000) (32,16, 1.000000) (32,17, 1.000000) (32,18, 1.000000) (32,19, 1.000000) (32,20, 1.000000) (32,21, 0.036456) (33,11, 0.321311) (33,12, 1.000000) (33,13, 1.000000) (33,14, 1.000000) (33,15, 1.000000) (33,16, 1.000000) (33,17, 1.000000) (33,18, 1.000000) (33,19, 1.000000) (33,20, 1.000000) (33,21, 0.036456) (34,11, 0.321311) (34,12, 1.000000) (34,13, 1.000000) (34,14, 1.000000) (34,15, 1.000000) (34,16, 1.000000) (34,17, 1.000000) (34,18, 1.000000) (34,19, 1.000000) (34,20, 1.000000) (34,21, 0.036456) (35,11, 0.321311) (35,12, 1.000000) (35,13, 1.000000) (35,14, 1.000000) (35,15, 1.000000) (35,16, 1.000000) (35,17, 1.000000) (35,18, 1.000000) (35,19, 1.000000) (35,20, 1.000000) (35,21, 0.036456) (36,11, 0.321311) (36,12, 1.000000) (36,13, 1.000000) (36,14, 1.000000) (36,15, 1.000000) (36,16, 1.000000) (36,17, 1.000000) (36,18, 1.000000) (36,19, 1.000000) (36,20, 1.000000) (36,21, 0.036456) (37,11, 0.321311) (37,12, 1.000000) (37,13, 1.000000) (37,14, 1.000000) (37,15, 1.000000) (37,16, 1.000000) (37,17, 1.000000) (37,18, 1.000000) (37,19, 1.000000) (37,20, 1.000000) (37,21, 0.036456) (38,11, 0.321311) (38,12, 1.000000) (38,13, 1.000000) (38,14, 1.000000) (38,15, 1.000000) (38,16, 1.000000) (38,17, 1.000000) (38,18, 1.000000) (38,19, 1.000000) (38,20, 1.000000) (38,21, 0.036456) (39,11, 0.321311) (39,12, 1.000000) (39,13, 1.000000) (39,14, 1.000000) (39,15, 1.000000) (39,16, 1.000000) (39,17, 1.000000) (39,18, 1.000000) (39,19, 1.000000) (39,20, 1.000000) (39,21, 0.036456) (40,11, 0.321311) (40,12, 1.000000) (40,13, 1.000000) (40,14, 1.000000) (40,15, 1.000000) (40,16, 1.000000) (40,17, 1.000000) (40,18, 1.000000) (40,19, 1.000000) (40,20, 1.000000) (40,21, 0.036456) (41,11, 0.117622) (41,12, 0.366068) (41,13, 0.366068) (41,14, 0.366068) (41,15, 0.366068) (41,16, 0.366068) (41,17, 0.366068) (41,18, 0.366068) (41,19, 0.366068) (41,20, 0.366068) (41,21, 0.013345)
o86 6 (16,17, 0.019196) (16,18, 0.747524) (16,19, 0.518949) (17,17, 0.024970) (17,18, 0.972379) (17,19, 0.675048)
o87 10 (40,11, 0.191882) (40,12, 0.597184) (40,13, 0.597184) (40,14, 0.597184) (40,15, 0.564455) (41,11, 0.294342) (41,12, 0.916068) (41,13, 0.916068) (41,14, 0.916068) (41,15, 0.865862)
o88 24 (40,18, 0.428146) (40,19, 0.597184) (40,20, 0.597184) (40,21, 0.021771) (41,18, 0.716942) (41,19, 1.000000) (41,20, 1.000000) (41,21, 0.036456) (42,18, 0.716942) (42,19, 1.000000) (42,20, 1.000000) (42,21, 0.036456) (43,18, 0.716942) (43,19, 1.000000) (43,20, 1.000000) (43,21, 0.036456) (44,18, 0.716942) (44,19, 1.000000) (44,20, 1.000000) (44,21, 0.036456) (45,18, 0.354329) (45,19, 0.494223) (45,20, 0.494223) (45,21, 0.018018)
o89 20 (41,11, 0.221458) (41,12, 0.689233) (41,13, 0.689233) (41,14, 0.296471) (42,11, 0.321311) (42,12, 1.000000) (42,13, 1.000000) (42,14, 0.430146) (43,11, 0.321311) (43,12, 1.000000) (43,13, 1.000000) (43,14, 0.430146) (44,11, 0.321311) (44,12, 1.000000) (44,13, 1.000000) (44,14, 0.430146) (45,11, 0.158799) (45,12, 0.494223) (45,13, 0.494223) (45,14, 0.212588)
o90 16 (17,18, 0.196612) (18,18, 0.274757) (19,18, 0.274757) (20,18, 0.274757) (21,18, 0.274757) (22,18, 0.274757) (23,18, 0.274757) (24,18, 0.274757) (25,18, 0.274757) (26,18, 0.274757) (27,18, 0.274757) (28,18, 0.274757) (29,18, 0.274757) (30,18, 0.274757) (31,18, 0.274757) (32,18, 0.191450)
o91 9 (12,17, 0.004811) (12,18, 0.187330) (12,19, 0.130049) (13,17, 0.025680) (13,18, 1.000000) (13,19, 0.694223) (14,17, 0.013676) (14,18, 0.532573) (14,19, 0.369724)
o92 12 (52,18, 0.645909) (52,19, 0.900922) (52,20, 0.900922) (52,21, 0.032844) (53,18, 0.716942) (53,19, 1.000000) (53,20, 1.000000) (53,21, 0.036456) (54,18, 0.609783) (54,19, 0.850534) (54,20, 0.850534) (54,21, 0.031007)
o93 3 (23,20, 0.160589) (23,21, 0.275243) (23,22, 0.179456)
o94 4 (52,17, 0.240056) (52,18, 0.503073) (53,17, 0.089780) (53,18, 0.188148)
o95 2 (13,19, 0.273519) (13,20, 0.190278)
o96 4 (54,18, 0.304422) (54,19, 0.221396) (55,18, 0.286812) (55,19, 0.208588)
o97 6 (51,19, 0.091695) (51,20, 0.450922) (51,21, 0.016439) (52,19, 0.076098) (52,20, 0.374223) (52,21, 0.013643)
o98 4 (53,20, 0.092643) (53,21, 0.227437) (54,20, 0.203179) (54,21, 0.498801)
o99 3 (46,20, 0.020180) (46,21, 0.274757) (46,22, 0.179139)
o100 12 (46,20, 0.211452) (46,21, 0.032349) (47,20, 0.238301) (47,21, 0.036456) (48,20, 0.238301) (48,21, 0.036456) (49,20, 0.238301) (49,21, 0.036456) (50,20, 0.238301) (50,21, 0.036456) (51,20, 0.209499) (51,21, 0.032050)
o101 11 (13,20, 0.082387) (14,20, 0.274757) (15,20, 0.274757) (16,20, 0.274757) (17,20, 0.274757) (18,20, 0.274757) (19,20, 0.274757) (20,20, 0.274757) (21,20, 0.274757) (22,20, 0.274757) (23,20, 0.085748)
o102 24 (23,22, 0.173884) (24,22, 0.274757) (25,22, 0.274757) (26,22, 0.274757) (27,22, 0.274757) (28,22, 0.274757) (29,22, 0.274757) (30,22, 0.274757) (31,22, 0.274757) (32,22, 0.274757) (33,22, 0.274757) (34,22, 0.274757) (35,22, 0.274757) (36,22, 0.274757) (37,22, 0.274757) (38,22, 0.274757) (39,22, 0.274757) (40,22, 0.274757) (41,22, 0.274757) (42,22, 0.274757) (43,22, 0.274757) (44,22, 0.274757) (45,22, 0.274757) (46,22, 0.061154)
o103 9 (95,17, 0.000136) (95,18, 0.005291) (95,19, 0.003673) (96,17, 0.025680) (96,18, 1.000000) (96,19, 0.694223) (97,17, 0.018351) (97,18, 0.714612) (97,19, 0.496100)
o104 16 (55,18, 0.231405) (55,19, 0.322767) (55,20, 0.322767) (55,21, 0.011767) (56,18, 0.716942) (56,19, 1.000000) (56,20, 1.000000) (56,21, 0.036456) (57,18, 0.716942) (57,19, 1.000000) (57,20, 1.000000) (57,21, 0.036456) (58,18, 0.307345) (58,19, 0.428689) (58,20, 0.428689) (58,21, 0.015628)
o105 10 (87,20, 0.260873) (88,20, 0.274757) (89,20, 0.274757) (90,20, 0.274757) (91,20, 0.274757) (92,20, 0.274757) (93,20, 0.274757) (94,20, 0.274757) (95,20, 0.274757) (96,20, 0.272637)
o106 48 (64,21, 0.124954) (64,22, 0.074116) (65,21, 0.172767) (65,22, 0.102476) (66,21, 0.172767) (66,22, 0.102476) (67,21, 0.172767) (67,22, 0.102476) (68,21, 0.172767) (68,22, 0.102476) (69,21, 0.172767) (69,22, 0.102476) (70,21, 0.172767) (70,22, 0.102476) (71,21, 0.172767) (71,22, 0.102476) (72,21, 0.172767) (72,22, 0.102476) (73,21, 0.172767) (73,22, 0.102476) (74,21, 0.172767) (74,22, 0.102476) (75,21, 0.172767) (75,22, 0.102476) (76,21, 0.172767) (76,22, 0.102476) (77,21, 0.172767) (77,22, 0.102476) (78,21, 0.172767) (78,22, 0.102476) (79,21, 0.172767) (79,22, 0.102476) (80,21, 0.172767) (80,22, 0.102476) (81,21, 0.172767) (81,22, 0.102476) (82,21, 0.172767) (82,22, 0.102476) (83,21, 0.172767) (83,22, 0.102476) (84,21, 0.172767) (84,22, 0.102476) (85,21, 0.172767) (85,22, 0.102476) (86,21, 0.172767) (86,22, 0.102476) (87,21, 0.056200) (87,22, 0.033334)
o107 4 (55,17, 0.086003) (55,18, 0.180232) (56,17, 0.243963) (56,18, 0.511260)
o108 2 (58,18, 0.591581) (58,19, 0.430237)
o109 3 (55,19, 0.168188) (55,20, 0.827087) (55,21, 0.030153)
o110 4 (57,20, 0.193414) (57,21, 0.474830) (58,20, 0.102407) (58,21, 0.251408)
o111 3 (64,19, 0.206988) (64,20, 0.274757) (64,21, 0.257538)
o112 2 (96,19, 0.273037) (96,20, 0.144648)
o113 2 (87,20, 0.115011) (87,21, 0.257538)
o114 7 (58,19, 0.096541) (59,19, 0.274757) (60,19, 0.274757) (61,19, 0.274757) (62,19, 0.274757) (63,19, 0.274757) (64,19, 0.106235)
o115 6 (16,21, 0.437955) (16,22, 0.747524) (16,23, 0.100190) (17,21, 0.569691) (17,22, 0.972379) (17,23, 0.130327)
o116 12 (52,21, 0.124598) (52,22, 0.900922) (52,23, 0.900922) (52,24, 0.552405) (53,21, 0.138301) (53,22, 1.000000) (53,23, 1.000000) (53,24, 0.613155) (54,21, 0.117630) (54,22, 0.850534) (54,23, 0.850534) (54,24, 0.521509)
o117 4 (52,21, 0.620106) (52,22, 0.123286) (53,21, 0.231917) (53,22, 0.046109)
o118 6 (17,22, 0.196612) (18,22, 0.274757) (19,22, 0.274757) (20,22, 0.274757) (21,22, 0.274757) (22,22, 0.254231)
o119 6 (54,21, 0.058724) (54,22, 0.424612) (54,23, 0.042276) (55,21, 0.055327) (55,22, 0.400049) (55,23, 0.039830)
o120 4 (51,23, 0.281914) (51,24, 0.276485) (52,23, 0.233962) (52,24, 0.229457)
o121 4 (53,24, 0.256730) (53,25, 0.063839) (54,24, 0.563045) (54,25, 0.140008)
o122 4 (46,23, 0.060161) (46,24, 0.017179) (47,23, 0.066224) (47,24, 0.018910)
o123 6 (46,23, 0.036253) (47,23, 0.276699) (48,23, 0.276699) (49,23, 0.276699) (50,23, 0.276699) (51,23, 0.243256)
o124 50 (22,23, 0.050198) (22,24, 0.045821) (23,23, 0.143641) (23,24, 0.131117) (24,23, 0.143641) (24,24, 0.131117) (25,23, 0.143641) (25,24, 0.131117) (26,23, 0.143641) (26,24, 0.131117) (27,23, 0.143641) (27,24, 0.131117) (28,23, 0.143641) (28,24, 0.131117) (29,23, 0.143641) (29,24, 0.131117) (30,23, 0.143641) (30,24, 0.131117) (31,23, 0.143641) (31,24, 0.131117) (32,23, 0.143641) (32,24, 0.131117) (33,23, 0.143641) (33,24, 0.131117) (34,23, 0.143641) (34,24, 0.131117) (35,23, 0.143641) (35,24, 0.131117) (36,23, 0.143641) (36,24, 0.131117) (37,23, 0.143641) (37,24, 0.131117) (38,23, 0.143641) (38,24, 0.131117) (39,23, 0.143641) (39,24, 0.131117) (40,23, 0.143641) (40,24, 0.131117) (41,23, 0.143641) (41,24, 0.131117) (42,23, 0.143641) (42,24, 0.131117) (43,23, 0.143641) (43,24, 0.131117) (44,23, 0.143641) (44,24, 0.131117) (45,23, 0.143641) (45,24, 0.131117) (46,23, 0.140635) (46,24, 0.128373)
o125 2 (22,22, 0.191970) (22,23, 0.265488)
o126 9 (92,21, 0.261624) (92,22, 0.446553) (92,23, 0.059851) (93,21, 0.585874) (93,22, 1.000000) (93,23, 0.134029) (94,21, 0.160148) (94,22, 0.273350) (94,23, 0.036637)
o127 16 (55,21, 0.044639) (55,22, 0.322767) (55,23, 0.322767) (55,24, 0.197906) (56,21, 0.138301) (56,22, 1.000000) (56,23, 1.000000) (56,24, 0.613155) (57,21, 0.138301) (57,22, 1.000000) (57,23, 1.000000) (57,24, 0.613155) (58,21, 0.059288) (58,22, 0.428689) (58,23, 0.428689) (58,24, 0.262853)
o128 2 (87,22, 0.237684) (87,23, 0.160082)
o129 2 (63,22, 0.048561) (63,23, 0.161211)
o130 4 (55,21, 0.222161) (55,22, 0.044169) (56,21, 0.630196) (56,22, 0.125293)
o131 3 (58,21, 0.114118) (58,22, 0.825146) (58,23, 0.082154)
o132 2 (55,23, 0.517090) (55,24, 0.507133)
o133 4 (57,24, 0.535987) (57,25, 0.133280) (58,24, 0.283788) (58,25, 0.070567)
o134 7 (87,22, 0.064515) (88,22, 0.274757) (89,22, 0.274757) (90,22, 0.274757) (91,22, 0.274757) (92,22, 0.274757) (93,22, 0.066329)
o135 25 (63,23, 0.048809) (64,23, 0.275243) (65,23, 0.275243) (66,23, 0.275243) (67,23, 0.275243) (68,23, 0.275243) (69,23, 0.275243) (70,23, 0.275243) (71,23, 0.275243) (72,23, 0.275243) (73,23, 0.275243) (74,23, 0.275243) (75,23, 0.275243) (76,23, 0.275243) (77,23, 0.275243) (78,23, 0.275243) (79,23, 0.275243) (80,23, 0.275243) (81,23, 0.275243) (82,23, 0.275243) (83,23, 0.275243) (84,23, 0.275243) (85,23, 0.275243) (86,23, 0.275243) (87,23, 0.195462)
o136 12 (58,22, 0.061558) (58,23, 0.034983) (59,22, 0.175194) (59,23, 0.099563) (60,22, 0.175194) (60,23, 0.099563) (61,22, 0.175194) (61,23, 0.099563) (62,22, 0.175194) (62,23, 0.099563) (63,22, 0.134415) (63,23, 0.076388)
o137 4 (17,42, 0.002332) (17,43, 0.005257) (18,42, 0.058809) (18,43, 0.132600)
o138 4 (19,42, 0.048884) (19,43, 0.110222) (20,42, 0.012257) (20,43, 0.027636)
o139 4 (20,42, 0.010978) (20,43, 0.024753) (21,42, 0.050163) (21,43, 0.113104)
o140 4 (22,42, 0.057531) (22,43, 0.129718) (23,42, 0.003610) (23,43, 0.008140)
o141 4 (23,42, 0.019666) (23,43, 0.044342) (24,42, 0.041147) (24,43, 0.092777)
o142 2 (25,42, 0.060977) (25,43, 0.137488)
o143 4 (26,42, 0.028477) (26,43, 0.064207) (27,42, 0.032665) (27,43, 0.073650)
o144 2 (28,42, 0.061141) (28,43, 0.137858)
o145 4 (29,42, 0.037123) (29,43, 0.083703) (30,42, 0.024018) (30,43, 0.054154)
o146 2 (31,42, 0.060977) (31,43, 0.137488)
o147 4 (78,42, 0.017371) (78,43, 0.039167) (79,42, 0.043770) (79,43, 0.098690)
o148 2 (80,42, 0.061141) (80,43, 0.137858)
o149 4 (81,42, 0.026182) (81,43, 0.059033) (82,42, 0.035123) (82,43, 0.079194)
o150 2 (83,42, 0.061141) (83,43, 0.137858)
o151 4 (84,42, 0.034869) (84,43, 0.078621) (85,42, 0.026108) (85,43, 0.058867)
o152 2 (86,42, 0.061141) (86,43, 0.137858)
o153 4 (87,42, 0.043516) (87,43, 0.098117) (88,42, 0.017625) (88,43, 0.039740)
o154 4 (88,42, 0.005610) (88,43, 0.012649) (89,42, 0.055531) (89,43, 0.125208)
o155 4 (90,42, 0.052163) (90,43, 0.117613) (91,42, 0.008815) (91,43, 0.019875)
o156 4 (91,42, 0.014298) (91,43, 0.032238) (92,42, 0.046516) (92,43, 0.104881)
o157 22 (29,44, 0.270820) (30,44, 0.275243) (31,44, 0.275243) (32,44, 0.275243) (33,44, 0.275243) (34,44, 0.275243) (35,44, 0.275243) (36,44, 0.275243) (37,44, 0.275243) (38,44, 0.275243) (39,44, 0.275243) (40,44, 0.275243) (41,44, 0.275243) (42,44, 0.275243) (43,44, 0.275243) (44,44, 0.275243) (45,44, 0.275243) (46,44, 0.275243) (47,44, 0.275243) (48,44, 0.275243) (49,44, 0.275243) (50,44, 0.009366)
o158 6 (28,78, 0.582118) (28,79, 0.632585) (29,78, 0.824223) (29,79, 0.895680) (30,78, 0.011243) (30,79, 0.012218)
o159 35 (29,44, 0.225234) (29,45, 0.274757) (29,46, 0.274757) (29,47, 0.274757) (29,48, 0.274757) (29,49, 0.274757) (29,50, 0.274757) (29,51, 0.274757) (29,52, 0.274757) (29,53, 0.274757) (29,54, 0.274757) (29,55, 0.274757) (29,56, 0.274757) (29,57, 0.274757) (29,58, 0.274757) (29,59, 0.274757) (29,60, 0.274757) (29,61, 0.274757) (29,62, 0.274757) (29,63, 0.274757) (29,64, 0.274757) (29,65, 0.274757) (29,66, 0.274757) (29,67, 0.274757) (29,68, 0.274757) (29,69, 0.274757) (29,70, 0.274757) (29,71, 0.274757) (29,72, 0.274757) (29,73, 0.274757) (29,74, 0.274757) (29,75, 0.274757) (29,76, 0.274757) (29,77, 0.274757) (29,78, 0.237318)
o160 13 (34,50, 0.226461) (35,50, 0.274757) (36,50, 0.274757) (37,50, 0.274757) (38,50, 0.274757) (39,50, 0.274757) (40,50, 0.274757) (41,50, 0.274757) (42,50, 0.274757) (43,50, 0.274757) (44,50, 0.274757) (45,50, 0.274757) (46,50, 0.087642)
o161 6 (34,75, 0.226461) (35,75, 0.274757) (36,75, 0.274757) (37,75, 0.274757) (38,75, 0.274757) (39,75, 0.167669)
o162 6 (38,78, 0.319246) (38,79, 0.346924) (39,78, 0.824223) (39,79, 0.895680) (40,78, 0.274114) (40,79, 0.297879)
o163 26 (34,50, 0.096605) (34,51, 0.274757) (34,52, 0.274757) (34,53, 0.274757) (34,54, 0.274757) (34,55, 0.274757) (34,56, 0.274757) (34,57, 0.274757) (34,58, 0.274757) (34,59, 0.274757) (34,60, 0.274757) (34,61, 0.274757) (34,62, 0.274757) (34,63, 0.274757) (34,64, 0.274757) (34,65, 0.274757) (34,66, 0.274757) (34,67, 0.274757) (34,68, 0.274757) (34,69, 0.274757) (34,70, 0.274757) (34,71, 0.274757) (34,72, 0.274757) (34,73, 0.274757) (34,74, 0.274757) (34,75, 0.033278)
o164 4 (39,75, 0.226381) (39,76, 0.274757) (39,77, 0.274757) (39,78, 0.237318)
o165 8 (35,55, 0.200360) (35,56, 0.272816) (35,57, 0.272816) (35,58, 0.272816) (35,59, 0.272816) (35,60, 0.272816) (35,61, 0.272816) (35,62, 0.114569)
o166 8 (82,55, 0.201787) (82,56, 0.274757) (82,57, 0.274757) (82,58, 0.274757) (82,59, 0.274757) (82,60, 0.274757) (82,61, 0.274757) (82,62, 0.115385)
o167 6 (48,78, 0.054375) (48,79, 0.059089) (49,78, 0.824223) (49,79, 0.895680) (50,78, 0.538986) (50,79, 0.585714)
o168 23 (49,56, 0.003995) (49,57, 0.275243) (49,58, 0.275243) (49,59, 0.275243) (49,60, 0.275243) (49,61, 0.275243) (49,62, 0.275243) (49,63, 0.275243) (49,64, 0.275243) (49,65, 0.275243) (49,66, 0.275243) (49,67, 0.275243) (49,68, 0.275243) (49,69, 0.275243) (49,70, 0.275243) (49,71, 0.275243) (49,72, 0.275243) (49,73, 0.275243) (49,74, 0.275243) (49,75, 0.275243) (49,76, 0.275243) (49,77, 0.275243) (49,78, 0.237738)
o169 12 (84,64, 0.132963) (84,65, 0.276699) (84,66, 0.276699) (84,67, 0.276699) (84,68, 0.276699) (84,69, 0.276699) (84,70, 0.276699) (84,71, 0.276699) (84,72, 0.276699) (84,73, 0.276699) (84,74, 0.276699) (84,75, 0.155287)
o170 4 (59,78, 0.615327) (59,79, 0.668673) (60,78, 0.802257) (60,79, 0.871809)
o171 9 (76,64, 0.074411) (77,64, 0.274757) (78,64, 0.274757) (79,64, 0.274757) (80,64, 0.274757) (81,64, 0.274757) (82,64, 0.274757) (83,64, 0.274757) (84,64, 0.045895)
o172 26 (59,75, 0.006667) (60,75, 0.275243) (61,75, 0.275243) (62,75, 0.275243) (63,75, 0.275243) (64,75, 0.275243) (65,75, 0.275243) (66,75, 0.275243) (67,75, 0.275243) (68,75, 0.275243) (69,75, 0.275243) (70,75, 0.275243) (71,75, 0.275243) (72,75, 0.275243) (73,75, 0.275243) (74,75, 0.275243) (75,75, 0.275243) (76,75, 0.275243) (77,75, 0.275243) (78,75, 0.275243) (79,75, 0.275243) (80,75, 0.275243) (81,75, 0.275243) (82,75, 0.275243) (83,75, 0.275243) (84,75, 0.045976)
o173 8 (59,75, 0.013296) (59,76, 0.024223) (59,77, 0.024223) (59,78, 0.020923) (60,75, 0.137780) (60,76, 0.251019) (60,77, 0.251019) (60,78, 0.216815)
o174 5 (35,69, 0.116497) (35,70, 0.275243) (35,71, 0.275243) (35,72, 0.275243) (35,73, 0.004423)
o175 8 (35,72, 0.171250) (35,73, 0.010637) (36,72, 0.258689) (36,73, 0.016068) (37,72, 0.258689) (37,73, 0.016068) (38,72, 0.158491) (38,73, 0.009844)
o176 8 (79,72, 0.240845) (79,73, 0.014960) (80,72, 0.258689) (80,73, 0.016068) (81,72, 0.258689) (81,73, 0.016068) (82,72, 0.131618) (82,73, 0.008175)
o177 4 (82,69, 0.116292) (82,70, 0.274757) (82,71, 0.274757) (82,72, 0.233877)
o178 2 (21,73, 0.270342) (21,74, 0.202213)
o179 4 (88,73, 0.022879) (88,74, 0.017113) (89,73, 0.245553) (89,74, 0.183671)
o180 3 (18,75, 0.045868) (19,75, 0.274757) (20,75, 0.151930)
o181 2 (22,75, 0.199786) (23,75, 0.272770)
o182 3 (86,75, 0.127896) (87,75, 0.274757) (88,75, 0.069903)
o183 3 (89,75, 0.007056) (90,75, 0.274757) (91,75, 0.190743)
o184 3 (21,76, 0.149503) (21,77, 0.274757) (21,78, 0.048296)
o185 6 (88,76, 0.012652) (88,77, 0.023252) (88,78, 0.004087) (89,76, 0.135794) (89,77, 0.249563) (89,78, 0.043867)
FIN
