202 46 1.030000
o1 66 (11,21, 0.160578) (11,22, 0.048521) (12,21, 0.425728) (12,22, 0.128641) (13,21, 0.425728) (13,22, 0.128641) (14,21, 0.425728) (14,22, 0.128641) (15,21, 0.425728) (15,22, 0.128641) (16,21, 0.425728) (16,22, 0.128641) (17,21, 0.425728) (17,22, 0.128641) (18,21, 0.425728) (18,22, 0.128641) (19,21, 0.425728) (19,22, 0.128641) (20,21, 0.425728) (20,22, 0.128641) (21,21, 0.425728) (21,22, 0.128641) (22,21, 0.425728) (22,22, 0.128641) (23,21, 0.425728) (23,22, 0.128641) (24,21, 0.425728) (24,22, 0.128641) (25,21, 0.425728) (25,22, 0.128641) (26,21, 0.425728) (26,22, 0.128641) (27,21, 0.425728) (27,22, 0.128641) (28,21, 0.425728) (28,22, 0.128641) (29,21, 0.425728) (29,22, 0.128641) (30,21, 0.425728) (30,22, 0.128641) (31,21, 0.425728) (31,22, 0.128641) (32,21, 0.425728) (32,22, 0.128641) (33,21, 0.425728) (33,22, 0.128641) (34,21, 0.425728) (34,22, 0.128641) (35,21, 0.425728) (35,22, 0.128641) (36,21, 0.425728) (36,22, 0.128641) (37,21, 0.425728) (37,22, 0.128641) (38,21, 0.425728) (38,22, 0.128641) (39,21, 0.425728) (39,22, 0.128641) (40,21, 0.425728) (40,22, 0.128641) (41,21, 0.425728) (41,22, 0.128641) (42,21, 0.425728) (42,22, 0.128641) (43,21, 0.239937) (43,22, 0.072501)
o2 16 (10,24, 0.701760) (10,25, 0.821845) (10,26, 0.821845) (10,27, 0.481537) (11,24, 0.853883) (11,25, 1.000000) (11,26, 1.000000) (11,27, 0.585922) (12,24, 0.853883) (12,25, 1.000000) (12,26, 1.000000) (12,27, 0.585922) (13,24, 0.527667) (13,25, 0.617961) (13,26, 0.617961) (13,27, 0.362077)
o3 42 (95,24, 0.189551) (95,25, 0.369417) (95,26, 0.369417) (95,27, 0.369417) (95,28, 0.369417) (95,29, 0.367086) (96,24, 0.513107) (96,25, 1.000000) (96,26, 1.000000) (96,27, 1.000000) (96,28, 1.000000) (96,29, 0.993689) (97,24, 0.513107) (97,25, 1.000000) (97,26, 1.000000) (97,27, 1.000000) (97,28, 1.000000) (97,29, 0.993689) (98,24, 0.513107) (98,25, 1.000000) (98,26, 1.000000) (98,27, 1.000000) (98,28, 1.000000) (98,29, 0.993689) (99,24, 0.513107) (99,25, 1.000000) (99,26, 1.000000) (99,27, 1.000000) (99,28, 1.000000) (99,29, 0.993689) (100,24, 0.513107) (100,25, 1.000000) (100,26, 1.000000) (100,27, 1.000000) (100,28, 1.000000) (100,29, 0.993689) (101,24, 0.068497) (101,25, 0.133495) (101,26, 0.133495) (101,27, 0.133495) (101,28, 0.133495) (101,29, 0.132653)
o4 54 (43,10, 0.360812) (44,10, 0.549515) (45,10, 0.549515) (46,10, 0.549515) (47,10, 0.549515) (48,10, 0.549515) (49,10, 0.549515) (50,10, 0.549515) (51,10, 0.549515) (52,10, 0.549515) (53,10, 0.549515) (54,10, 0.549515) (55,10, 0.549515) (56,10, 0.549515) (57,10, 0.549515) (58,10, 0.549515) (59,10, 0.549515) (60,10, 0.549515) (61,10, 0.549515) (62,10, 0.549515) (63,10, 0.549515) (64,10, 0.549515) (65,10, 0.549515) (66,10, 0.549515) (67,10, 0.549515) (68,10, 0.549515) (69,10, 0.549515) (70,10, 0.549515) (71,10, 0.549515) (72,10, 0.549515) (73,10, 0.549515) (74,10, 0.549515) (75,10, 0.549515) (76,10, 0.549515) (77,10, 0.549515) (78,10, 0.549515) (79,10, 0.549515) (80,10, 0.549515) (81,10, 0.549515) (82,10, 0.549515) (83,10, 0.549515) (84,10, 0.549515) (85,10, 0.549515) (86,10, 0.549515) (87,10, 0.549515) (88,10, 0.549515) (89,10, 0.549515) (90,10, 0.549515) (91,10, 0.549515) (92,10, 0.549515) (93,10, 0.549515) (94,10, 0.549515) (95,10, 0.549515) (96,10, 0.098966)
o5 12 (43,10, 0.452414) (43,11, 0.550485) (43,12, 0.550485) (43,13, 0.550485) (43,14, 0.550485) (43,15, 0.550485) (43,16, 0.550485) (43,17, 0.550485) (43,18, 0.550485) (43,19, 0.550485) (43,20, 0.550485) (43,21, 0.438197)
o6 12 (95,23, 0.226134) (95,24, 0.369417) (95,25, 0.013880) (96,23, 0.612136) (96,24, 1.000000) (96,25, 0.037573) (97,23, 0.612136) (97,24, 1.000000) (97,25, 0.037573) (98,23, 0.063294) (98,24, 0.103398) (98,25, 0.003885)
o7 8 (11,21, 0.035118) (11,22, 0.377184) (11,23, 0.377184) (11,24, 0.184857) (12,21, 0.016135) (12,22, 0.173301) (12,23, 0.173301) (12,24, 0.084934)
o8 9 (100,24, 0.213861) (100,25, 0.416796) (100,26, 0.403240) (101,24, 0.513107) (101,25, 1.000000) (101,26, 0.967476) (102,24, 0.117815) (102,25, 0.229612) (102,26, 0.222144)
o9 9 (94,27, 0.226733) (94,28, 0.469417) (94,29, 0.466455) (95,27, 0.483010) (95,28, 1.000000) (95,29, 0.993689) (96,27, 0.087364) (96,28, 0.180874) (96,29, 0.179732)
o10 12 (98,29, 0.191161) (98,30, 0.343204) (98,31, 0.032155) (99,29, 0.556990) (99,30, 1.000000) (99,31, 0.093689) (100,29, 0.556990) (100,30, 1.000000) (100,31, 0.093689) (101,29, 0.074356) (101,30, 0.133495) (101,31, 0.012507)
o11 28 (95,10, 0.181804) (95,11, 0.369417) (95,12, 0.369417) (95,13, 0.369417) (95,14, 0.369417) (95,15, 0.369417) (95,16, 0.369417) (95,17, 0.369417) (95,18, 0.369417) (95,19, 0.369417) (95,20, 0.369417) (95,21, 0.369417) (95,22, 0.369417) (95,23, 0.305684) (96,10, 0.088632) (96,11, 0.180097) (96,12, 0.180097) (96,13, 0.180097) (96,14, 0.180097) (96,15, 0.180097) (96,16, 0.180097) (96,17, 0.180097) (96,18, 0.180097) (96,19, 0.180097) (96,20, 0.180097) (96,21, 0.180097) (96,22, 0.180097) (96,23, 0.149026)
o12 66 (160,21, 0.275483) (160,22, 0.083242) (161,21, 0.425728) (161,22, 0.128641) (162,21, 0.425728) (162,22, 0.128641) (163,21, 0.425728) (163,22, 0.128641) (164,21, 0.425728) (164,22, 0.128641) (165,21, 0.425728) (165,22, 0.128641) (166,21, 0.425728) (166,22, 0.128641) (167,21, 0.425728) (167,22, 0.128641) (168,21, 0.425728) (168,22, 0.128641) (169,21, 0.425728) (169,22, 0.128641) (170,21, 0.425728) (170,22, 0.128641) (171,21, 0.425728) (171,22, 0.128641) (172,21, 0.425728) (172,22, 0.128641) (173,21, 0.425728) (173,22, 0.128641) (174,21, 0.425728) (174,22, 0.128641) (175,21, 0.425728) (175,22, 0.128641) (176,21, 0.425728) (176,22, 0.128641) (177,21, 0.425728) (177,22, 0.128641) (178,21, 0.425728) (178,22, 0.128641) (179,21, 0.425728) (179,22, 0.128641) (180,21, 0.425728) (180,22, 0.128641) (181,21, 0.425728) (181,22, 0.128641) (182,21, 0.425728) (182,22, 0.128641) (183,21, 0.425728) (183,22, 0.128641) (184,21, 0.425728) (184,22, 0.128641) (185,21, 0.425728) (185,22, 0.128641) (186,21, 0.425728) (186,22, 0.128641) (187,21, 0.425728) (187,22, 0.128641) (188,21, 0.425728) (188,22, 0.128641) (189,21, 0.425728) (189,22, 0.128641) (190,21, 0.425728) (190,22, 0.128641) (191,21, 0.425728) (191,22, 0.128641) (192,21, 0.126272) (192,22, 0.038155)
o13 16 (190,24, 0.596475) (190,25, 0.698544) (190,26, 0.698544) (190,27, 0.409292) (191,24, 0.853883) (191,25, 1.000000) (191,26, 1.000000) (191,27, 0.585922) (192,24, 0.853883) (192,25, 1.000000) (192,26, 1.000000) (192,27, 0.585922) (193,24, 0.632952) (193,25, 0.741262) (193,26, 0.741262) (193,27, 0.434322)
o14 42 (102,24, 0.109347) (102,25, 0.213107) (102,26, 0.213107) (102,27, 0.213107) (102,28, 0.213107) (102,29, 0.211762) (103,24, 0.513107) (103,25, 1.000000) (103,26, 1.000000) (103,27, 1.000000) (103,28, 1.000000) (103,29, 0.993689) (104,24, 0.513107) (104,25, 1.000000) (104,26, 1.000000) (104,27, 1.000000) (104,28, 1.000000) (104,29, 0.993689) (105,24, 0.513107) (105,25, 1.000000) (105,26, 1.000000) (105,27, 1.000000) (105,28, 1.000000) (105,29, 0.993689) (106,24, 0.513107) (106,25, 1.000000) (106,26, 1.000000) (106,27, 1.000000) (106,28, 1.000000) (106,29, 0.993689) (107,24, 0.513107) (107,25, 1.000000) (107,26, 1.000000) (107,27, 1.000000) (107,28, 1.000000) (107,29, 0.993689) (108,24, 0.148701) (108,25, 0.289806) (108,26, 0.289806) (108,27, 0.289806) (108,28, 0.289806) (108,29, 0.287977)
o15 28 (102,10, 0.175141) (102,11, 0.213107) (102,12, 0.213107) (102,13, 0.213107) (102,14, 0.213107) (102,15, 0.213107) (102,16, 0.213107) (102,17, 0.213107) (102,18, 0.213107) (102,19, 0.213107) (102,20, 0.213107) (102,21, 0.213107) (102,22, 0.213107) (102,23, 0.176341) (103,10, 0.276475) (103,11, 0.336408) (103,12, 0.336408) (103,13, 0.336408) (103,14, 0.336408) (103,15, 0.336408) (103,16, 0.336408) (103,17, 0.336408) (103,18, 0.336408) (103,19, 0.336408) (103,20, 0.336408) (103,21, 0.336408) (103,22, 0.336408) (103,23, 0.278369)
o16 12 (160,10, 0.454807) (160,11, 0.553398) (160,12, 0.553398) (160,13, 0.553398) (160,14, 0.553398) (160,15, 0.553398) (160,16, 0.553398) (160,17, 0.553398) (160,18, 0.553398) (160,19, 0.553398) (160,20, 0.553398) (160,21, 0.440516)
o17 12 (102,23, 0.130450) (102,24, 0.213107) (102,25, 0.008007) (103,23, 0.612136) (103,24, 1.000000) (103,25, 0.037573) (104,23, 0.612136) (104,24, 1.000000) (104,25, 0.037573) (105,23, 0.161354) (105,24, 0.263592) (105,25, 0.009904)
o18 8 (191,21, 0.023548) (191,22, 0.252913) (191,23, 0.252913) (191,24, 0.123952) (192,21, 0.027616) (192,22, 0.296602) (192,23, 0.296602) (192,24, 0.145364)
o19 9 (107,24, 0.133657) (107,25, 0.260485) (107,26, 0.252013) (108,24, 0.513107) (108,25, 1.000000) (108,26, 0.967476) (109,24, 0.200012) (109,25, 0.389806) (109,26, 0.377128)
o20 9 (101,27, 0.153109) (101,28, 0.316990) (101,29, 0.314990) (102,27, 0.483010) (102,28, 1.000000) (102,29, 0.993689) (103,27, 0.162863) (103,28, 0.337184) (103,29, 0.335057)
o21 12 (105,29, 0.104098) (105,30, 0.186893) (105,31, 0.017510) (106,29, 0.556990) (106,30, 1.000000) (106,31, 0.093689) (107,29, 0.556990) (107,30, 1.000000) (107,31, 0.093689) (108,29, 0.161419) (108,30, 0.289806) (108,31, 0.027152)
o22 58 (103,10, 0.485440) (104,10, 0.549515) (105,10, 0.549515) (106,10, 0.549515) (107,10, 0.549515) (108,10, 0.549515) (109,10, 0.549515) (110,10, 0.549515) (111,10, 0.549515) (112,10, 0.549515) (113,10, 0.549515) (114,10, 0.549515) (115,10, 0.549515) (116,10, 0.549515) (117,10, 0.549515) (118,10, 0.549515) (119,10, 0.549515) (120,10, 0.549515) (121,10, 0.549515) (122,10, 0.549515) (123,10, 0.549515) (124,10, 0.549515) (125,10, 0.549515) (126,10, 0.549515) (127,10, 0.549515) (128,10, 0.549515) (129,10, 0.549515) (130,10, 0.549515) (131,10, 0.549515) (132,10, 0.549515) (133,10, 0.549515) (134,10, 0.549515) (135,10, 0.549515) (136,10, 0.549515) (137,10, 0.549515) (138,10, 0.549515) (139,10, 0.549515) (140,10, 0.549515) (141,10, 0.549515) (142,10, 0.549515) (143,10, 0.549515) (144,10, 0.549515) (145,10, 0.549515) (146,10, 0.549515) (147,10, 0.549515) (148,10, 0.549515) (149,10, 0.549515) (150,10, 0.549515) (151,10, 0.549515) (152,10, 0.549515) (153,10, 0.549515) (154,10, 0.549515) (155,10, 0.549515) (156,10, 0.549515) (157,10, 0.549515) (158,10, 0.549515) (159,10, 0.549515) (160,10, 0.315571)
o23 44 (46,11, 0.065279) (47,11, 0.553398) (48,11, 0.553398) (49,11, 0.553398) (50,11, 0.553398) (51,11, 0.553398) (52,11, 0.553398) (53,11, 0.553398) (54,11, 0.553398) (55,11, 0.553398) (56,11, 0.553398) (57,11, 0.553398) (58,11, 0.553398) (59,11, 0.553398) (60,11, 0.553398) (61,11, 0.553398) (62,11, 0.553398) (63,11, 0.553398) (64,11, 0.553398) (65,11, 0.553398) (66,11, 0.553398) (67,11, 0.553398) (68,11, 0.553398) (69,11, 0.553398) (70,11, 0.553398) (71,11, 0.553398) (72,11, 0.553398) (73,11, 0.553398) (74,11, 0.553398) (75,11, 0.553398) (76,11, 0.553398) (77,11, 0.553398) (78,11, 0.553398) (79,11, 0.553398) (80,11, 0.553398) (81,11, 0.553398) (82,11, 0.553398) (83,11, 0.553398) (84,11, 0.553398) (85,11, 0.553398) (86,11, 0.553398) (87,11, 0.553398) (88,11, 0.553398) (89,11, 0.013163)
o24 16 (17,24, 0.804557) (17,25, 0.942233) (17,26, 0.942233) (17,27, 0.552075) (18,24, 0.853883) (18,25, 1.000000) (18,26, 1.000000) (18,27, 0.585922) (19,24, 0.853883) (19,25, 1.000000) (19,26, 1.000000) (19,27, 0.585922) (20,24, 0.424869) (20,25, 0.497573) (20,26, 0.497573) (20,27, 0.291539)
o25 36 (88,24, 0.269755) (88,25, 0.525728) (88,26, 0.525728) (88,27, 0.525728) (88,28, 0.525728) (88,29, 0.522410) (89,24, 0.513107) (89,25, 1.000000) (89,26, 1.000000) (89,27, 1.000000) (89,28, 1.000000) (89,29, 0.993689) (90,24, 0.513107) (90,25, 1.000000) (90,26, 1.000000) (90,27, 1.000000) (90,28, 1.000000) (90,29, 0.993689) (91,24, 0.513107) (91,25, 1.000000) (91,26, 1.000000) (91,27, 1.000000) (91,28, 1.000000) (91,29, 0.993689) (92,24, 0.513107) (92,25, 1.000000) (92,26, 1.000000) (92,27, 1.000000) (92,28, 1.000000) (92,29, 0.993689) (93,24, 0.501400) (93,25, 0.977184) (93,26, 0.977184) (93,27, 0.977184) (93,28, 0.977184) (93,29, 0.971018)
o26 60 (18,22, 0.046205) (18,23, 0.045718) (19,22, 0.276214) (19,23, 0.273301) (20,22, 0.276214) (20,23, 0.273301) (21,22, 0.276214) (21,23, 0.273301) (22,22, 0.276214) (22,23, 0.273301) (23,22, 0.276214) (23,23, 0.273301) (24,22, 0.276214) (24,23, 0.273301) (25,22, 0.276214) (25,23, 0.273301) (26,22, 0.276214) (26,23, 0.273301) (27,22, 0.276214) (27,23, 0.273301) (28,22, 0.276214) (28,23, 0.273301) (29,22, 0.276214) (29,23, 0.273301) (30,22, 0.276214) (30,23, 0.273301) (31,22, 0.276214) (31,23, 0.273301) (32,22, 0.276214) (32,23, 0.273301) (33,22, 0.276214) (33,23, 0.273301) (34,22, 0.276214) (34,23, 0.273301) (35,22, 0.276214) (35,23, 0.273301) (36,22, 0.276214) (36,23, 0.273301) (37,22, 0.276214) (37,23, 0.273301) (38,22, 0.276214) (38,23, 0.273301) (39,22, 0.276214) (39,23, 0.273301) (40,22, 0.276214) (40,23, 0.273301) (41,22, 0.276214) (41,23, 0.273301) (42,22, 0.276214) (42,23, 0.273301) (43,22, 0.276214) (43,23, 0.273301) (44,22, 0.276214) (44,23, 0.273301) (45,22, 0.276214) (45,23, 0.273301) (46,22, 0.276214) (46,23, 0.273301) (47,22, 0.119201) (47,23, 0.117944)
o27 6 (18,22, 0.137436) (18,23, 0.497573) (18,24, 0.243859) (19,22, 0.014615) (19,23, 0.052913) (19,24, 0.025932)
o28 9 (88,23, 0.321817) (88,24, 0.525728) (88,25, 0.019753) (89,23, 0.612136) (89,24, 1.000000) (89,25, 0.037573) (90,23, 0.581529) (90,24, 0.950000) (90,25, 0.035694)
o29 9 (93,24, 0.294065) (93,25, 0.573107) (93,26, 0.554467) (94,24, 0.513107) (94,25, 1.000000) (94,26, 0.967476) (95,24, 0.041098) (95,25, 0.080097) (95,26, 0.077492)
o30 9 (87,27, 0.302233) (87,28, 0.625728) (87,29, 0.621779) (88,27, 0.483010) (88,28, 1.000000) (88,29, 0.993689) (89,27, 0.011864) (89,28, 0.024563) (89,29, 0.024408)
o31 9 (91,29, 0.278225) (91,30, 0.499515) (91,31, 0.046799) (92,29, 0.556990) (92,30, 1.000000) (92,31, 0.093689) (93,29, 0.544282) (93,30, 0.977184) (93,31, 0.091552)
o32 24 (46,11, 0.045982) (46,12, 0.117961) (46,13, 0.117961) (46,14, 0.117961) (46,15, 0.117961) (46,16, 0.117961) (46,17, 0.117961) (46,18, 0.117961) (46,19, 0.117961) (46,20, 0.117961) (46,21, 0.117961) (46,22, 0.111307) (47,11, 0.168222) (47,12, 0.431553) (47,13, 0.431553) (47,14, 0.431553) (47,15, 0.431553) (47,16, 0.431553) (47,17, 0.431553) (47,18, 0.431553) (47,19, 0.431553) (47,20, 0.431553) (47,21, 0.431553) (47,22, 0.407210)
o33 28 (88,11, 0.204932) (88,12, 0.525728) (88,13, 0.525728) (88,14, 0.525728) (88,15, 0.525728) (88,16, 0.525728) (88,17, 0.525728) (88,18, 0.525728) (88,19, 0.525728) (88,20, 0.525728) (88,21, 0.525728) (88,22, 0.525728) (88,23, 0.525728) (88,24, 0.025102) (89,11, 0.009272) (89,12, 0.023786) (89,13, 0.023786) (89,14, 0.023786) (89,15, 0.023786) (89,16, 0.023786) (89,17, 0.023786) (89,18, 0.023786) (89,19, 0.023786) (89,20, 0.023786) (89,21, 0.023786) (89,22, 0.023786) (89,23, 0.023786) (89,24, 0.001136)
o34 49 (109,11, 0.033580) (110,11, 0.553398) (111,11, 0.553398) (112,11, 0.553398) (113,11, 0.553398) (114,11, 0.553398) (115,11, 0.553398) (116,11, 0.553398) (117,11, 0.553398) (118,11, 0.553398) (119,11, 0.553398) (120,11, 0.553398) (121,11, 0.553398) (122,11, 0.553398) (123,11, 0.553398) (124,11, 0.553398) (125,11, 0.553398) (126,11, 0.553398) (127,11, 0.553398) (128,11, 0.553398) (129,11, 0.553398) (130,11, 0.553398) (131,11, 0.553398) (132,11, 0.553398) (133,11, 0.553398) (134,11, 0.553398) (135,11, 0.553398) (136,11, 0.553398) (137,11, 0.553398) (138,11, 0.553398) (139,11, 0.553398) (140,11, 0.553398) (141,11, 0.553398) (142,11, 0.553398) (143,11, 0.553398) (144,11, 0.553398) (145,11, 0.553398) (146,11, 0.553398) (147,11, 0.553398) (148,11, 0.553398) (149,11, 0.553398) (150,11, 0.553398) (151,11, 0.553398) (152,11, 0.553398) (153,11, 0.553398) (154,11, 0.553398) (155,11, 0.553398) (156,11, 0.553398) (157,11, 0.019073)
o35 16 (183,24, 0.496164) (183,25, 0.581068) (183,26, 0.581068) (183,27, 0.340461) (184,24, 0.853883) (184,25, 1.000000) (184,26, 1.000000) (184,27, 0.585922) (185,24, 0.853883) (185,25, 1.000000) (185,26, 1.000000) (185,27, 0.585922) (186,24, 0.735749) (186,25, 0.861650) (186,26, 0.861650) (186,27, 0.504860)
o36 42 (109,24, 0.031135) (109,25, 0.060680) (109,26, 0.060680) (109,27, 0.060680) (109,28, 0.060680) (109,29, 0.060297) (110,24, 0.513107) (110,25, 1.000000) (110,26, 1.000000) (110,27, 1.000000) (110,28, 1.000000) (110,29, 0.993689) (111,24, 0.513107) (111,25, 1.000000) (111,26, 1.000000) (111,27, 1.000000) (111,28, 1.000000) (111,29, 0.993689) (112,24, 0.513107) (112,25, 1.000000) (112,26, 1.000000) (112,27, 1.000000) (112,28, 1.000000) (112,29, 0.993689) (113,24, 0.513107) (113,25, 1.000000) (113,26, 1.000000) (113,27, 1.000000) (113,28, 1.000000) (113,29, 0.993689) (114,24, 0.513107) (114,25, 1.000000) (114,26, 1.000000) (114,27, 1.000000) (114,28, 1.000000) (114,29, 0.993689) (115,24, 0.228905) (115,25, 0.446117) (115,26, 0.446117) (115,27, 0.446117) (115,28, 0.446117) (115,29, 0.443301)
o37 26 (156,11, 0.201147) (156,12, 0.516019) (156,13, 0.516019) (156,14, 0.516019) (156,15, 0.516019) (156,16, 0.516019) (156,17, 0.516019) (156,18, 0.516019) (156,19, 0.516019) (156,20, 0.516019) (156,21, 0.516019) (156,22, 0.516019) (156,23, 0.141029) (157,11, 0.013435) (157,12, 0.034466) (157,13, 0.034466) (157,14, 0.034466) (157,15, 0.034466) (157,16, 0.034466) (157,17, 0.034466) (157,18, 0.034466) (157,19, 0.034466) (157,20, 0.034466) (157,21, 0.034466) (157,22, 0.034466) (157,23, 0.009420)
o38 60 (156,22, 0.051301) (156,23, 0.050760) (157,22, 0.276214) (157,23, 0.273301) (158,22, 0.276214) (158,23, 0.273301) (159,22, 0.276214) (159,23, 0.273301) (160,22, 0.276214) (160,23, 0.273301) (161,22, 0.276214) (161,23, 0.273301) (162,22, 0.276214) (162,23, 0.273301) (163,22, 0.276214) (163,23, 0.273301) (164,22, 0.276214) (164,23, 0.273301) (165,22, 0.276214) (165,23, 0.273301) (166,22, 0.276214) (166,23, 0.273301) (167,22, 0.276214) (167,23, 0.273301) (168,22, 0.276214) (168,23, 0.273301) (169,22, 0.276214) (169,23, 0.273301) (170,22, 0.276214) (170,23, 0.273301) (171,22, 0.276214) (171,23, 0.273301) (172,22, 0.276214) (172,23, 0.273301) (173,22, 0.276214) (173,23, 0.273301) (174,22, 0.276214) (174,23, 0.273301) (175,22, 0.276214) (175,23, 0.273301) (176,22, 0.276214) (176,23, 0.273301) (177,22, 0.276214) (177,23, 0.273301) (178,22, 0.276214) (178,23, 0.273301) (179,22, 0.276214) (179,23, 0.273301) (180,22, 0.276214) (180,23, 0.273301) (181,22, 0.276214) (181,23, 0.273301) (182,22, 0.276214) (182,23, 0.273301) (183,22, 0.276214) (183,23, 0.273301) (184,22, 0.276214) (184,23, 0.273301) (185,22, 0.115178) (185,23, 0.113964)
o39 12 (109,23, 0.037144) (109,24, 0.060680) (109,25, 0.002280) (110,23, 0.612136) (110,24, 1.000000) (110,25, 0.037573) (111,23, 0.612136) (111,24, 1.000000) (111,25, 0.037573) (112,23, 0.254660) (112,24, 0.416019) (112,25, 0.015631)
o40 4 (184,23, 0.125435) (184,24, 0.064950) (185,23, 0.394683) (185,24, 0.204366)
o41 9 (114,24, 0.053652) (114,25, 0.104563) (114,26, 0.101162) (115,24, 0.513107) (115,25, 1.000000) (115,26, 0.967476) (116,24, 0.280216) (116,25, 0.546117) (116,26, 0.528354)
o42 9 (108,27, 0.077610) (108,28, 0.160680) (108,29, 0.159666) (109,27, 0.483010) (109,28, 1.000000) (109,29, 0.993689) (110,27, 0.236675) (110,28, 0.490000) (110,29, 0.486908)
o43 12 (112,29, 0.019197) (112,30, 0.034466) (112,31, 0.003229) (113,29, 0.556990) (113,30, 1.000000) (113,31, 0.093689) (114,29, 0.556990) (114,30, 1.000000) (114,31, 0.093689) (115,29, 0.248483) (115,30, 0.446117) (115,31, 0.041796)
o44 28 (109,11, 0.023653) (109,12, 0.060680) (109,13, 0.060680) (109,14, 0.060680) (109,15, 0.060680) (109,16, 0.060680) (109,17, 0.060680) (109,18, 0.060680) (109,19, 0.060680) (109,20, 0.060680) (109,21, 0.060680) (109,22, 0.060680) (109,23, 0.060680) (109,24, 0.002897) (110,11, 0.190551) (110,12, 0.488835) (110,13, 0.488835) (110,14, 0.488835) (110,15, 0.488835) (110,16, 0.488835) (110,17, 0.488835) (110,18, 0.488835) (110,19, 0.488835) (110,20, 0.488835) (110,21, 0.488835) (110,22, 0.488835) (110,23, 0.488835) (110,24, 0.023341)
o45 30 (50,12, 0.152090) (50,13, 0.246117) (50,14, 0.246117) (50,15, 0.246117) (50,16, 0.246117) (50,17, 0.246117) (50,18, 0.246117) (50,19, 0.246117) (50,20, 0.246117) (50,21, 0.246117) (50,22, 0.246117) (50,23, 0.246117) (50,24, 0.246117) (50,25, 0.246117) (50,26, 0.034528) (51,12, 0.187488) (51,13, 0.303398) (51,14, 0.303398) (51,15, 0.303398) (51,16, 0.303398) (51,17, 0.303398) (51,18, 0.303398) (51,19, 0.303398) (51,20, 0.303398) (51,21, 0.303398) (51,22, 0.303398) (51,23, 0.303398) (51,24, 0.303398) (51,25, 0.303398) (51,26, 0.042564)
o46 20 (23,24, 0.053471) (23,25, 0.062621) (23,26, 0.062621) (23,27, 0.036691) (24,24, 0.853883) (24,25, 1.000000) (24,26, 1.000000) (24,27, 0.585922) (25,24, 0.853883) (25,25, 1.000000) (25,26, 1.000000) (25,27, 0.585922) (26,24, 0.853883) (26,25, 1.000000) (26,26, 1.000000) (26,27, 0.585922) (27,24, 0.322072) (27,25, 0.377184) (27,26, 0.377184) (27,27, 0.221001)
o47 96 (75,24, 0.096892) (75,25, 0.188835) (75,26, 0.188835) (75,27, 0.188835) (75,28, 0.188835) (75,29, 0.188835) (75,30, 0.188835) (75,31, 0.017692) (76,24, 0.513107) (76,25, 1.000000) (76,26, 1.000000) (76,27, 1.000000) (76,28, 1.000000) (76,29, 1.000000) (76,30, 1.000000) (76,31, 0.093689) (77,24, 0.513107) (77,25, 1.000000) (77,26, 1.000000) (77,27, 1.000000) (77,28, 1.000000) (77,29, 1.000000) (77,30, 1.000000) (77,31, 0.093689) (78,24, 0.513107) (78,25, 1.000000) (78,26, 1.000000) (78,27, 1.000000) (78,28, 1.000000) (78,29, 1.000000) (78,30, 1.000000) (78,31, 0.093689) (79,24, 0.513107) (79,25, 1.000000) (79,26, 1.000000) (79,27, 1.000000) (79,28, 1.000000) (79,29, 1.000000) (79,30, 1.000000) (79,31, 0.093689) (80,24, 0.513107) (80,25, 1.000000) (80,26, 1.000000) (80,27, 1.000000) (80,28, 1.000000) (80,29, 1.000000) (80,30, 1.000000) (80,31, 0.093689) (81,24, 0.513107) (81,25, 1.000000) (81,26, 1.000000) (81,27, 1.000000) (81,28, 1.000000) (81,29, 1.000000) (81,30, 1.000000) (81,31, 0.093689) (82,24, 0.513107) (82,25, 1.000000) (82,26, 1.000000) (82,27, 1.000000) (82,28, 1.000000) (82,29, 1.000000) (82,30, 1.000000) (82,31, 0.093689) (83,24, 0.513107) (83,25, 1.000000) (83,26, 1.000000) (83,27, 1.000000) (83,28, 1.000000) (83,29, 1.000000) (83,30, 1.000000) (83,31, 0.093689) (84,24, 0.513107) (84,25, 1.000000) (84,26, 1.000000) (84,27, 1.000000) (84,28, 1.000000) (84,29, 1.000000) (84,30, 1.000000) (84,31, 0.093689) (85,24, 0.513107) (85,25, 1.000000) (85,26, 1.000000) (85,27, 1.000000) (85,28, 1.000000) (85,29, 1.000000) (85,30, 1.000000) (85,31, 0.093689) (86,24, 0.419203) (86,25, 0.816990) (86,26, 0.816990) (86,27, 0.816990) (86,28, 0.816990) (86,29, 0.816990) (86,30, 0.816990) (86,31, 0.076543)
o48 14 (85,12, 0.340179) (85,13, 0.550485) (85,14, 0.550485) (85,15, 0.550485) (85,16, 0.550485) (85,17, 0.550485) (85,18, 0.550485) (85,19, 0.550485) (85,20, 0.550485) (85,21, 0.550485) (85,22, 0.550485) (85,23, 0.550485) (85,24, 0.550485) (85,25, 0.081237)
o49 48 (27,25, 0.395635) (27,26, 0.135633) (28,25, 0.409223) (28,26, 0.140291) (29,25, 0.409223) (29,26, 0.140291) (30,25, 0.409223) (30,26, 0.140291) (31,25, 0.409223) (31,26, 0.140291) (32,25, 0.409223) (32,26, 0.140291) (33,25, 0.409223) (33,26, 0.140291) (34,25, 0.409223) (34,26, 0.140291) (35,25, 0.409223) (35,26, 0.140291) (36,25, 0.409223) (36,26, 0.140291) (37,25, 0.409223) (37,26, 0.140291) (38,25, 0.409223) (38,26, 0.140291) (39,25, 0.409223) (39,26, 0.140291) (40,25, 0.409223) (40,26, 0.140291) (41,25, 0.409223) (41,26, 0.140291) (42,25, 0.409223) (42,26, 0.140291) (43,25, 0.409223) (43,26, 0.140291) (44,25, 0.409223) (44,26, 0.140291) (45,25, 0.409223) (45,26, 0.140291) (46,25, 0.409223) (46,26, 0.140291) (47,25, 0.409223) (47,26, 0.140291) (48,25, 0.409223) (48,26, 0.140291) (49,25, 0.409223) (49,26, 0.140291) (50,25, 0.398456) (50,26, 0.136600)
o50 9 (85,24, 0.145513) (85,25, 0.283592) (85,26, 0.274369) (86,24, 0.513107) (86,25, 1.000000) (86,26, 0.967476) (87,24, 0.474001) (87,25, 0.923786) (87,26, 0.893741)
o51 15 (74,27, 0.137634) (74,28, 0.284951) (74,29, 0.284951) (74,30, 0.284951) (74,31, 0.026697) (75,27, 0.483010) (75,28, 1.000000) (75,29, 1.000000) (75,30, 1.000000) (75,31, 0.093689) (76,27, 0.440383) (76,28, 0.911748) (76,29, 0.911748) (76,30, 0.911748) (76,31, 0.085421)
o52 35 (51,12, 0.503579) (52,12, 0.549515) (53,12, 0.549515) (54,12, 0.549515) (55,12, 0.549515) (56,12, 0.549515) (57,12, 0.549515) (58,12, 0.549515) (59,12, 0.549515) (60,12, 0.549515) (61,12, 0.549515) (62,12, 0.549515) (63,12, 0.549515) (64,12, 0.549515) (65,12, 0.549515) (66,12, 0.549515) (67,12, 0.549515) (68,12, 0.549515) (69,12, 0.549515) (70,12, 0.549515) (71,12, 0.549515) (72,12, 0.549515) (73,12, 0.549515) (74,12, 0.549515) (75,12, 0.549515) (76,12, 0.549515) (77,12, 0.549515) (78,12, 0.549515) (79,12, 0.549515) (80,12, 0.549515) (81,12, 0.549515) (82,12, 0.549515) (83,12, 0.549515) (84,12, 0.549515) (85,12, 0.214631)
o53 30 (152,12, 0.237285) (152,13, 0.383981) (152,14, 0.383981) (152,15, 0.383981) (152,16, 0.383981) (152,17, 0.383981) (152,18, 0.383981) (152,19, 0.383981) (152,20, 0.383981) (152,21, 0.383981) (152,22, 0.383981) (152,23, 0.383981) (152,24, 0.383981) (152,25, 0.383981) (152,26, 0.053869) (153,12, 0.102294) (153,13, 0.165534) (153,14, 0.165534) (153,15, 0.165534) (153,16, 0.165534) (153,17, 0.165534) (153,18, 0.165534) (153,19, 0.165534) (153,20, 0.165534) (153,21, 0.165534) (153,22, 0.165534) (153,23, 0.165534) (153,24, 0.165534) (153,25, 0.165534) (153,26, 0.023223)
o54 84 (117,23, 0.553597) (117,24, 0.904369) (117,25, 0.904369) (117,26, 0.904369) (117,27, 0.904369) (117,28, 0.904369) (117,29, 0.898662) (118,23, 0.612136) (118,24, 1.000000) (118,25, 1.000000) (118,26, 1.000000) (118,27, 1.000000) (118,28, 1.000000) (118,29, 0.993689) (119,23, 0.612136) (119,24, 1.000000) (119,25, 1.000000) (119,26, 1.000000) (119,27, 1.000000) (119,28, 1.000000) (119,29, 0.993689) (120,23, 0.612136) (120,24, 1.000000) (120,25, 1.000000) (120,26, 1.000000) (120,27, 1.000000) (120,28, 1.000000) (120,29, 0.993689) (121,23, 0.612136) (121,24, 1.000000) (121,25, 1.000000) (121,26, 1.000000) (121,27, 1.000000) (121,28, 1.000000) (121,29, 0.993689) (122,23, 0.612136) (122,24, 1.000000) (122,25, 1.000000) (122,26, 1.000000) (122,27, 1.000000) (122,28, 1.000000) (122,29, 0.993689) (123,23, 0.612136) (123,24, 1.000000) (123,25, 1.000000) (123,26, 1.000000) (123,27, 1.000000) (123,28, 1.000000) (123,29, 0.993689) (124,23, 0.612136) (124,24, 1.000000) (124,25, 1.000000) (124,26, 1.000000) (124,27, 1.000000) (124,28, 1.000000) (124,29, 0.993689) (125,23, 0.612136) (125,24, 1.000000) (125,25, 1.000000) (125,26, 1.000000) (125,27, 1.000000) (125,28, 1.000000) (125,29, 0.993689) (126,23, 0.612136) (126,24, 1.000000) (126,25, 1.000000) (126,26, 1.000000) (126,27, 1.000000) (126,28, 1.000000) (126,29, 0.993689) (127,23, 0.612136) (127,24, 1.000000) (127,25, 1.000000) (127,26, 1.000000) (127,27, 1.000000) (127,28, 1.000000) (127,29, 0.993689) (128,23, 0.064482) (128,24, 0.105340) (128,25, 0.105340) (128,26, 0.105340) (128,27, 0.105340) (128,28, 0.105340) (128,29, 0.104675)
o55 16 (176,24, 0.393367) (176,25, 0.460680) (176,26, 0.460680) (176,27, 0.269922) (177,24, 0.853883) (177,25, 1.000000) (177,26, 1.000000) (177,27, 0.585922) (178,24, 0.853883) (178,25, 1.000000) (178,26, 1.000000) (178,27, 0.585922) (179,24, 0.836060) (179,25, 0.979126) (179,26, 0.979126) (179,27, 0.573692)
o56 36 (117,12, 0.496964) (118,12, 0.549515) (119,12, 0.549515) (120,12, 0.549515) (121,12, 0.549515) (122,12, 0.549515) (123,12, 0.549515) (124,12, 0.549515) (125,12, 0.549515) (126,12, 0.549515) (127,12, 0.549515) (128,12, 0.549515) (129,12, 0.549515) (130,12, 0.549515) (131,12, 0.549515) (132,12, 0.549515) (133,12, 0.549515) (134,12, 0.549515) (135,12, 0.549515) (136,12, 0.549515) (137,12, 0.549515) (138,12, 0.549515) (139,12, 0.549515) (140,12, 0.549515) (141,12, 0.549515) (142,12, 0.549515) (143,12, 0.549515) (144,12, 0.549515) (145,12, 0.549515) (146,12, 0.549515) (147,12, 0.549515) (148,12, 0.549515) (149,12, 0.549515) (150,12, 0.549515) (151,12, 0.549515) (152,12, 0.459298)
o57 12 (127,23, 0.609462) (127,24, 0.995631) (127,25, 0.995631) (127,26, 0.963249) (128,23, 0.612136) (128,24, 1.000000) (128,25, 1.000000) (128,26, 0.967476) (129,23, 0.125696) (129,24, 0.205340) (129,25, 0.205340) (129,26, 0.198661)
o58 12 (115,27, 0.002110) (115,28, 0.004369) (115,29, 0.004341) (116,27, 0.483010) (116,28, 1.000000) (116,29, 0.993689) (117,27, 0.483010) (117,28, 1.000000) (117,29, 0.993689) (118,27, 0.094961) (118,28, 0.196602) (118,29, 0.195361)
o59 50 (152,25, 0.022209) (152,26, 0.007614) (153,25, 0.409223) (153,26, 0.140291) (154,25, 0.409223) (154,26, 0.140291) (155,25, 0.409223) (155,26, 0.140291) (156,25, 0.409223) (156,26, 0.140291) (157,25, 0.409223) (157,26, 0.140291) (158,25, 0.409223) (158,26, 0.140291) (159,25, 0.409223) (159,26, 0.140291) (160,25, 0.409223) (160,26, 0.140291) (161,25, 0.409223) (161,26, 0.140291) (162,25, 0.409223) (162,26, 0.140291) (163,25, 0.409223) (163,26, 0.140291) (164,25, 0.409223) (164,26, 0.140291) (165,25, 0.409223) (165,26, 0.140291) (166,25, 0.409223) (166,26, 0.140291) (167,25, 0.409223) (167,26, 0.140291) (168,25, 0.409223) (168,26, 0.140291) (169,25, 0.409223) (169,26, 0.140291) (170,25, 0.409223) (170,26, 0.140291) (171,25, 0.409223) (171,26, 0.140291) (172,25, 0.409223) (172,26, 0.140291) (173,25, 0.409223) (173,26, 0.140291) (174,25, 0.409223) (174,26, 0.140291) (175,25, 0.409223) (175,26, 0.140291) (176,25, 0.361467) (176,26, 0.123919)
o60 13 (117,12, 0.157559) (117,13, 0.546602) (117,14, 0.546602) (117,15, 0.546602) (117,16, 0.546602) (117,17, 0.546602) (117,18, 0.546602) (117,19, 0.546602) (117,20, 0.546602) (117,21, 0.546602) (117,22, 0.546602) (117,23, 0.546602) (117,24, 0.026481)
o61 420 (129,17, 0.163153) (129,18, 0.245146) (129,19, 0.245146) (129,20, 0.245146) (129,21, 0.245146) (129,22, 0.245146) (129,23, 0.245146) (129,24, 0.245146) (129,25, 0.245146) (129,26, 0.245146) (129,27, 0.245146) (129,28, 0.245146) (129,29, 0.245146) (129,30, 0.245146) (129,31, 0.245146) (129,32, 0.245146) (129,33, 0.245146) (129,34, 0.245146) (129,35, 0.245146) (129,36, 0.011543) (130,17, 0.665534) (130,18, 1.000000) (130,19, 1.000000) (130,20, 1.000000) (130,21, 1.000000) (130,22, 1.000000) (130,23, 1.000000) (130,24, 1.000000) (130,25, 1.000000) (130,26, 1.000000) (130,27, 1.000000) (130,28, 1.000000) (130,29, 1.000000) (130,30, 1.000000) (130,31, 1.000000) (130,32, 1.000000) (130,33, 1.000000) (130,34, 1.000000) (130,35, 1.000000) (130,36, 0.047087) (131,17, 0.665534) (131,18, 1.000000) (131,19, 1.000000) (131,20, 1.000000) (131,21, 1.000000) (131,22, 1.000000) (131,23, 1.000000) (131,24, 1.000000) (131,25, 1.000000) (131,26, 1.000000) (131,27, 1.000000) (131,28, 1.000000) (131,29, 1.000000) (131,30, 1.000000) (131,31, 1.000000) (131,32, 1.000000) (131,33, 1.000000) (131,34, 1.000000) (131,35, 1.000000) (131,36, 0.047087) (132,17, 0.665534) (132,18, 1.000000) (132,19, 1.000000) (132,20, 1.000000) (132,21, 1.000000) (132,22, 1.000000) (132,23, 1.000000) (132,24, 1.000000) (132,25, 1.000000) (132,26, 1.000000) (132,27, 1.000000) (132,28, 1.000000) (132,29, 1.000000) (132,30, 1.000000) (132,31, 1.000000) (132,32, 1.000000) (132,33, 1.000000) (132,34, 1.000000) (132,35, 1.000000) (132,36, 0.047087) (133,17, 0.665534) (133,18, 1.000000) (133,19, 1.000000) (133,20, 1.000000) (133,21, 1.000000) (133,22, 1.000000) (133,23, 1.000000) (133,24, 1.000000) (133,25, 1.000000) (133,26, 1.000000) (133,27, 1.000000) (133,28, 1.000000) (133,29, 1.000000) (133,30, 1.000000) (133,31, 1.000000) (133,32, 1.000000) (133,33, 1.000000) (133,34, 1.000000) (133,35, 1.000000) (133,36, 0.047087) (134,17, 0.665534) (134,18, 1.000000) (134,19, 1.000000) (134,20, 1.000000) (134,21, 1.000000) (134,22, 1.000000) (134,23, 1.000000) (134,24, 1.000000) (134,25, 1.000000) (134,26, 1.000000) (134,27, 1.000000) (134,28, 1.000000) (134,29, 1.000000) (134,30, 1.000000) (134,31, 1.000000) (134,32, 1.000000) (134,33, 1.000000) (134,34, 1.000000) (134,35, 1.000000) (134,36, 0.047087) (135,17, 0.665534) (135,18, 1.000000) (135,19, 1.000000) (135,20, 1.000000) (135,21, 1.000000) (135,22, 1.000000) (135,23, 1.000000) (135,24, 1.000000) (135,25, 1.000000) (135,26, 1.000000) (135,27, 1.000000) (135,28, 1.000000) (135,29, 1.000000) (135,30, 1.000000) (135,31, 1.000000) (135,32, 1.000000) (135,33, 1.000000) (135,34, 1.000000) (135,35, 1.000000) (135,36, 0.047087) (136,17, 0.665534) (136,18, 1.000000) (136,19, 1.000000) (136,20, 1.000000) (136,21, 1.000000) (136,22, 1.000000) (136,23, 1.000000) (136,24, 1.000000) (136,25, 1.000000) (136,26, 1.000000) (136,27, 1.000000) (136,28, 1.000000) (136,29, 1.000000) (136,30, 1.000000) (136,31, 1.000000) (136,32, 1.000000) (136,33, 1.000000) (136,34, 1.000000) (136,35, 1.000000) (136,36, 0.047087) (137,17, 0.665534) (137,18, 1.000000) (137,19, 1.000000) (137,20, 1.000000) (137,21, 1.000000) (137,22, 1.000000) (137,23, 1.000000) (137,24, 1.000000) (137,25, 1.000000) (137,26, 1.000000) (137,27, 1.000000) (137,28, 1.000000) (137,29, 1.000000) (137,30, 1.000000) (137,31, 1.000000) (137,32, 1.000000) (137,33, 1.000000) (137,34, 1.000000) (137,35, 1.000000) (137,36, 0.047087) (138,17, 0.665534) (138,18, 1.000000) (138,19, 1.000000) (138,20, 1.000000) (138,21, 1.000000) (138,22, 1.000000) (138,23, 1.000000) (138,24, 1.000000) (138,25, 1.000000) (138,26, 1.000000) (138,27, 1.000000) (138,28, 1.000000) (138,29, 1.000000) (138,30, 1.000000) (138,31, 1.000000) (138,32, 1.000000) (138,33, 1.000000) (138,34, 1.000000) (138,35, 1.000000) (138,36, 0.047087) (139,17, 0.665534) (139,18, 1.000000) (139,19, 1.000000) (139,20, 1.000000) (139,21, 1.000000) (139,22, 1.000000) (139,23, 1.000000) (139,24, 1.000000) (139,25, 1.000000) (139,26, 1.000000) (139,27, 1.000000) (139,28, 1.000000) (139,29, 1.000000) (139,30, 1.000000) (139,31, 1.000000) (139,32, 1.000000) (139,33, 1.000000) (139,34, 1.000000) (139,35, 1.000000) (139,36, 0.047087) (140,17, 0.665534) (140,18, 1.000000) (140,19, 1.000000) (140,20, 1.000000) (140,21, 1.000000) (140,22, 1.000000) (140,23, 1.000000) (140,24, 1.000000) (140,25, 1.000000) (140,26, 1.000000) (140,27, 1.000000) (140,28, 1.000000) (140,29, 1.000000) (140,30, 1.000000) (140,31, 1.000000) (140,32, 1.000000) (140,33, 1.000000) (140,34, 1.000000) (140,35, 1.000000) (140,36, 0.047087) (141,17, 0.665534) (141,18, 1.000000) (141,19, 1.000000) (141,20, 1.000000) (141,21, 1.000000) (141,22, 1.000000) (141,23, 1.000000) (141,24, 1.000000) (141,25, 1.000000) (141,26, 1.000000) (141,27, 1.000000) (141,28, 1.000000) (141,29, 1.000000) (141,30, 1.000000) (141,31, 1.000000) (141,32, 1.000000) (141,33, 1.000000) (141,34, 1.000000) (141,35, 1.000000) (141,36, 0.047087) (142,17, 0.665534) (142,18, 1.000000) (142,19, 1.000000) (142,20, 1.000000) (142,21, 1.000000) (142,22, 1.000000) (142,23, 1.000000) (142,24, 1.000000) (142,25, 1.000000) (142,26, 1.000000) (142,27, 1.000000) (142,28, 1.000000) (142,29, 1.000000) (142,30, 1.000000) (142,31, 1.000000) (142,32, 1.000000) (142,33, 1.000000) (142,34, 1.000000) (142,35, 1.000000) (142,36, 0.047087) (143,17, 0.665534) (143,18, 1.000000) (143,19, 1.000000) (143,20, 1.000000) (143,21, 1.000000) (143,22, 1.000000) (143,23, 1.000000) (143,24, 1.000000) (143,25, 1.000000) (143,26, 1.000000) (143,27, 1.000000) (143,28, 1.000000) (143,29, 1.000000) (143,30, 1.000000) (143,31, 1.000000) (143,32, 1.000000) (143,33, 1.000000) (143,34, 1.000000) (143,35, 1.000000) (143,36, 0.047087) (144,17, 0.665534) (144,18, 1.000000) (144,19, 1.000000) (144,20, 1.000000) (144,21, 1.000000) (144,22, 1.000000) (144,23, 1.000000) (144,24, 1.000000) (144,25, 1.000000) (144,26, 1.000000) (144,27, 1.000000) (144,28, 1.000000) (144,29, 1.000000) (144,30, 1.000000) (144,31, 1.000000) (144,32, 1.000000) (144,33, 1.000000) (144,34, 1.000000) (144,35, 1.000000) (144,36, 0.047087) (145,17, 0.665534) (145,18, 1.000000) (145,19, 1.000000) (145,20, 1.000000) (145,21, 1.000000) (145,22, 1.000000) (145,23, 1.000000) (145,24, 1.000000) (145,25, 1.000000) (145,26, 1.000000) (145,27, 1.000000) (145,28, 1.000000) (145,29, 1.000000) (145,30, 1.000000) (145,31, 1.000000) (145,32, 1.000000) (145,33, 1.000000) (145,34, 1.000000) (145,35, 1.000000) (145,36, 0.047087) (146,17, 0.665534) (146,18, 1.000000) (146,19, 1.000000) (146,20, 1.000000) (146,21, 1.000000) (146,22, 1.000000) (146,23, 1.000000) (146,24, 1.000000) (146,25, 1.000000) (146,26, 1.000000) (146,27, 1.000000) (146,28, 1.000000) (146,29, 1.000000) (146,30, 1.000000) (146,31, 1.000000) (146,32, 1.000000) (146,33, 1.000000) (146,34, 1.000000) (146,35, 1.000000) (146,36, 0.047087) (147,17, 0.665534) (147,18, 1.000000) (147,19, 1.000000) (147,20, 1.000000) (147,21, 1.000000) (147,22, 1.000000) (147,23, 1.000000) (147,24, 1.000000) (147,25, 1.000000) (147,26, 1.000000) (147,27, 1.000000) (147,28, 1.000000) (147,29, 1.000000) (147,30, 1.000000) (147,31, 1.000000) (147,32, 1.000000) (147,33, 1.000000) (147,34, 1.000000) (147,35, 1.000000) (147,36, 0.047087) (148,17, 0.665534) (148,18, 1.000000) (148,19, 1.000000) (148,20, 1.000000) (148,21, 1.000000) (148,22, 1.000000) (148,23, 1.000000) (148,24, 1.000000) (148,25, 1.000000) (148,26, 1.000000) (148,27, 1.000000) (148,28, 1.000000) (148,29, 1.000000) (148,30, 1.000000) (148,31, 1.000000) (148,32, 1.000000) (148,33, 1.000000) (148,34, 1.000000) (148,35, 1.000000) (148,36, 0.047087) (149,17, 0.013892) (149,18, 0.020874) (149,19, 0.020874) (149,20, 0.020874) (149,21, 0.020874) (149,22, 0.020874) (149,23, 0.020874) (149,24, 0.020874) (149,25, 0.020874) (149,26, 0.020874) (149,27, 0.020874) (149,28, 0.020874) (149,29, 0.020874) (149,30, 0.020874) (149,31, 0.020874) (149,32, 0.020874) (149,33, 0.020874) (149,34, 0.020874) (149,35, 0.020874) (149,36, 0.000983)
o62 16 (176,31, 0.448827) (176,32, 0.460680) (176,33, 0.460680) (176,34, 0.214462) (177,31, 0.974272) (177,32, 1.000000) (177,33, 1.000000) (177,34, 0.465534) (178,31, 0.974272) (178,32, 1.000000) (178,33, 1.000000) (178,34, 0.465534) (179,31, 0.953935) (179,32, 0.979126) (179,33, 0.979126) (179,34, 0.455817)
o63 66 (121,17, 0.333736) (121,18, 0.501456) (121,19, 0.501456) (121,20, 0.501456) (121,21, 0.501456) (121,22, 0.419909) (122,17, 0.665534) (122,18, 1.000000) (122,19, 1.000000) (122,20, 1.000000) (122,21, 1.000000) (122,22, 0.837379) (123,17, 0.665534) (123,18, 1.000000) (123,19, 1.000000) (123,20, 1.000000) (123,21, 1.000000) (123,22, 0.837379) (124,17, 0.665534) (124,18, 1.000000) (124,19, 1.000000) (124,20, 1.000000) (124,21, 1.000000) (124,22, 0.837379) (125,17, 0.665534) (125,18, 1.000000) (125,19, 1.000000) (125,20, 1.000000) (125,21, 1.000000) (125,22, 0.837379) (126,17, 0.665534) (126,18, 1.000000) (126,19, 1.000000) (126,20, 1.000000) (126,21, 1.000000) (126,22, 0.837379) (127,17, 0.665534) (127,18, 1.000000) (127,19, 1.000000) (127,20, 1.000000) (127,21, 1.000000) (127,22, 0.837379) (128,17, 0.665534) (128,18, 1.000000) (128,19, 1.000000) (128,20, 1.000000) (128,21, 1.000000) (128,22, 0.837379) (129,17, 0.665534) (129,18, 1.000000) (129,19, 1.000000) (129,20, 1.000000) (129,21, 1.000000) (129,22, 0.837379) (130,17, 0.665534) (130,18, 1.000000) (130,19, 1.000000) (130,20, 1.000000) (130,21, 1.000000) (130,22, 0.837379) (131,17, 0.453532) (131,18, 0.681456) (131,19, 0.681456) (131,20, 0.681456) (131,21, 0.681456) (131,22, 0.570637)
o64 40 (128,27, 0.166709) (128,28, 0.345146) (128,29, 0.345146) (128,30, 0.345146) (128,31, 0.345146) (128,32, 0.345146) (128,33, 0.345146) (128,34, 0.345146) (128,35, 0.345146) (128,36, 0.016252) (129,27, 0.483010) (129,28, 1.000000) (129,29, 1.000000) (129,30, 1.000000) (129,31, 1.000000) (129,32, 1.000000) (129,33, 1.000000) (129,34, 1.000000) (129,35, 1.000000) (129,36, 0.047087) (130,27, 0.483010) (130,28, 1.000000) (130,29, 1.000000) (130,30, 1.000000) (130,31, 1.000000) (130,32, 1.000000) (130,33, 1.000000) (130,34, 1.000000) (130,35, 1.000000) (130,36, 0.047087) (131,27, 0.329150) (131,28, 0.681456) (131,29, 0.681456) (131,30, 0.681456) (131,31, 0.681456) (131,32, 0.681456) (131,33, 0.681456) (131,34, 0.681456) (131,35, 0.681456) (131,36, 0.032088)
o65 56 (121,30, 0.228576) (121,31, 0.501456) (121,32, 0.501456) (121,33, 0.501456) (121,34, 0.501456) (121,35, 0.501456) (121,36, 0.023612) (122,30, 0.455825) (122,31, 1.000000) (122,32, 1.000000) (122,33, 1.000000) (122,34, 1.000000) (122,35, 1.000000) (122,36, 0.047087) (123,30, 0.455825) (123,31, 1.000000) (123,32, 1.000000) (123,33, 1.000000) (123,34, 1.000000) (123,35, 1.000000) (123,36, 0.047087) (124,30, 0.455825) (124,31, 1.000000) (124,32, 1.000000) (124,33, 1.000000) (124,34, 1.000000) (124,35, 1.000000) (124,36, 0.047087) (125,30, 0.455825) (125,31, 1.000000) (125,32, 1.000000) (125,33, 1.000000) (125,34, 1.000000) (125,35, 1.000000) (125,36, 0.047087) (126,30, 0.455825) (126,31, 1.000000) (126,32, 1.000000) (126,33, 1.000000) (126,34, 1.000000) (126,35, 1.000000) (126,36, 0.047087) (127,30, 0.455825) (127,31, 1.000000) (127,32, 1.000000) (127,33, 1.000000) (127,34, 1.000000) (127,35, 1.000000) (127,36, 0.047087) (128,30, 0.436459) (128,31, 0.957515) (128,32, 0.957515) (128,33, 0.957515) (128,34, 0.957515) (128,35, 0.957515) (128,36, 0.045087)
o66 60 (147,32, 0.479684) (147,33, 0.018027) (148,32, 0.529612) (148,33, 0.019903) (149,32, 0.529612) (149,33, 0.019903) (150,32, 0.529612) (150,33, 0.019903) (151,32, 0.529612) (151,33, 0.019903) (152,32, 0.529612) (152,33, 0.019903) (153,32, 0.529612) (153,33, 0.019903) (154,32, 0.529612) (154,33, 0.019903) (155,32, 0.529612) (155,33, 0.019903) (156,32, 0.529612) (156,33, 0.019903) (157,32, 0.529612) (157,33, 0.019903) (158,32, 0.529612) (158,33, 0.019903) (159,32, 0.529612) (159,33, 0.019903) (160,32, 0.529612) (160,33, 0.019903) (161,32, 0.529612) (161,33, 0.019903) (162,32, 0.529612) (162,33, 0.019903) (163,32, 0.529612) (163,33, 0.019903) (164,32, 0.529612) (164,33, 0.019903) (165,32, 0.529612) (165,33, 0.019903) (166,32, 0.529612) (166,33, 0.019903) (167,32, 0.529612) (167,33, 0.019903) (168,32, 0.529612) (168,33, 0.019903) (169,32, 0.529612) (169,33, 0.019903) (170,32, 0.529612) (170,33, 0.019903) (171,32, 0.529612) (171,33, 0.019903) (172,32, 0.529612) (172,33, 0.019903) (173,32, 0.529612) (173,33, 0.019903) (174,32, 0.529612) (174,33, 0.019903) (175,32, 0.529612) (175,33, 0.019903) (176,32, 0.467806) (176,33, 0.017580)
o67 420 (54,18, 0.056828) (54,19, 0.100485) (54,20, 0.100485) (54,21, 0.100485) (54,22, 0.100485) (54,23, 0.100485) (54,24, 0.100485) (54,25, 0.100485) (54,26, 0.100485) (54,27, 0.100485) (54,28, 0.100485) (54,29, 0.100485) (54,30, 0.100485) (54,31, 0.100485) (54,32, 0.100485) (54,33, 0.100485) (54,34, 0.100485) (54,35, 0.100485) (54,36, 0.100485) (54,37, 0.015073) (55,18, 0.565534) (55,19, 1.000000) (55,20, 1.000000) (55,21, 1.000000) (55,22, 1.000000) (55,23, 1.000000) (55,24, 1.000000) (55,25, 1.000000) (55,26, 1.000000) (55,27, 1.000000) (55,28, 1.000000) (55,29, 1.000000) (55,30, 1.000000) (55,31, 1.000000) (55,32, 1.000000) (55,33, 1.000000) (55,34, 1.000000) (55,35, 1.000000) (55,36, 1.000000) (55,37, 0.150000) (56,18, 0.565534) (56,19, 1.000000) (56,20, 1.000000) (56,21, 1.000000) (56,22, 1.000000) (56,23, 1.000000) (56,24, 1.000000) (56,25, 1.000000) (56,26, 1.000000) (56,27, 1.000000) (56,28, 1.000000) (56,29, 1.000000) (56,30, 1.000000) (56,31, 1.000000) (56,32, 1.000000) (56,33, 1.000000) (56,34, 1.000000) (56,35, 1.000000) (56,36, 1.000000) (56,37, 0.150000) (57,18, 0.565534) (57,19, 1.000000) (57,20, 1.000000) (57,21, 1.000000) (57,22, 1.000000) (57,23, 1.000000) (57,24, 1.000000) (57,25, 1.000000) (57,26, 1.000000) (57,27, 1.000000) (57,28, 1.000000) (57,29, 1.000000) (57,30, 1.000000) (57,31, 1.000000) (57,32, 1.000000) (57,33, 1.000000) (57,34, 1.000000) (57,35, 1.000000) (57,36, 1.000000) (57,37, 0.150000) (58,18, 0.565534) (58,19, 1.000000) (58,20, 1.000000) (58,21, 1.000000) (58,22, 1.000000) (58,23, 1.000000) (58,24, 1.000000) (58,25, 1.000000) (58,26, 1.000000) (58,27, 1.000000) (58,28, 1.000000) (58,29, 1.000000) (58,30, 1.000000) (58,31, 1.000000) (58,32, 1.000000) (58,33, 1.000000) (58,34, 1.000000) (58,35, 1.000000) (58,36, 1.000000) (58,37, 0.150000) (59,18, 0.565534) (59,19, 1.000000) (59,20, 1.000000) (59,21, 1.000000) (59,22, 1.000000) (59,23, 1.000000) (59,24, 1.000000) (59,25, 1.000000) (59,26, 1.000000) (59,27, 1.000000) (59,28, 1.000000) (59,29, 1.000000) (59,30, 1.000000) (59,31, 1.000000) (59,32, 1.000000) (59,33, 1.000000) (59,34, 1.000000) (59,35, 1.000000) (59,36, 1.000000) (59,37, 0.150000) (60,18, 0.565534) (60,19, 1.000000) (60,20, 1.000000) (60,21, 1.000000) (60,22, 1.000000) (60,23, 1.000000) (60,24, 1.000000) (60,25, 1.000000) (60,26, 1.000000) (60,27, 1.000000) (60,28, 1.000000) (60,29, 1.000000) (60,30, 1.000000) (60,31, 1.000000) (60,32, 1.000000) (60,33, 1.000000) (60,34, 1.000000) (60,35, 1.000000) (60,36, 1.000000) (60,37, 0.150000) (61,18, 0.565534) (61,19, 1.000000) (61,20, 1.000000) (61,21, 1.000000) (61,22, 1.000000) (61,23, 1.000000) (61,24, 1.000000) (61,25, 1.000000) (61,26, 1.000000) (61,27, 1.000000) (61,28, 1.000000) (61,29, 1.000000) (61,30, 1.000000) (61,31, 1.000000) (61,32, 1.000000) (61,33, 1.000000) (61,34, 1.000000) (61,35, 1.000000) (61,36, 1.000000) (61,37, 0.150000) (62,18, 0.565534) (62,19, 1.000000) (62,20, 1.000000) (62,21, 1.000000) (62,22, 1.000000) (62,23, 1.000000) (62,24, 1.000000) (62,25, 1.000000) (62,26, 1.000000) (62,27, 1.000000) (62,28, 1.000000) (62,29, 1.000000) (62,30, 1.000000) (62,31, 1.000000) (62,32, 1.000000) (62,33, 1.000000) (62,34, 1.000000) (62,35, 1.000000) (62,36, 1.000000) (62,37, 0.150000) (63,18, 0.565534) (63,19, 1.000000) (63,20, 1.000000) (63,21, 1.000000) (63,22, 1.000000) (63,23, 1.000000) (63,24, 1.000000) (63,25, 1.000000) (63,26, 1.000000) (63,27, 1.000000) (63,28, 1.000000) (63,29, 1.000000) (63,30, 1.000000) (63,31, 1.000000) (63,32, 1.000000) (63,33, 1.000000) (63,34, 1.000000) (63,35, 1.000000) (63,36, 1.000000) (63,37, 0.150000) (64,18, 0.565534) (64,19, 1.000000) (64,20, 1.000000) (64,21, 1.000000) (64,22, 1.000000) (64,23, 1.000000) (64,24, 1.000000) (64,25, 1.000000) (64,26, 1.000000) (64,27, 1.000000) (64,28, 1.000000) (64,29, 1.000000) (64,30, 1.000000) (64,31, 1.000000) (64,32, 1.000000) (64,33, 1.000000) (64,34, 1.000000) (64,35, 1.000000) (64,36, 1.000000) (64,37, 0.150000) (65,18, 0.565534) (65,19, 1.000000) (65,20, 1.000000) (65,21, 1.000000) (65,22, 1.000000) (65,23, 1.000000) (65,24, 1.000000) (65,25, 1.000000) (65,26, 1.000000) (65,27, 1.000000) (65,28, 1.000000) (65,29, 1.000000) (65,30, 1.000000) (65,31, 1.000000) (65,32, 1.000000) (65,33, 1.000000) (65,34, 1.000000) (65,35, 1.000000) (65,36, 1.000000) (65,37, 0.150000) (66,18, 0.565534) (66,19, 1.000000) (66,20, 1.000000) (66,21, 1.000000) (66,22, 1.000000) (66,23, 1.000000) (66,24, 1.000000) (66,25, 1.000000) (66,26, 1.000000) (66,27, 1.000000) (66,28, 1.000000) (66,29, 1.000000) (66,30, 1.000000) (66,31, 1.000000) (66,32, 1.000000) (66,33, 1.000000) (66,34, 1.000000) (66,35, 1.000000) (66,36, 1.000000) (66,37, 0.150000) (67,18, 0.565534) (67,19, 1.000000) (67,20, 1.000000) (67,21, 1.000000) (67,22, 1.000000) (67,23, 1.000000) (67,24, 1.000000) (67,25, 1.000000) (67,26, 1.000000) (67,27, 1.000000) (67,28, 1.000000) (67,29, 1.000000) (67,30, 1.000000) (67,31, 1.000000) (67,32, 1.000000) (67,33, 1.000000) (67,34, 1.000000) (67,35, 1.000000) (67,36, 1.000000) (67,37, 0.150000) (68,18, 0.565534) (68,19, 1.000000) (68,20, 1.000000) (68,21, 1.000000) (68,22, 1.000000) (68,23, 1.000000) (68,24, 1.000000) (68,25, 1.000000) (68,26, 1.000000) (68,27, 1.000000) (68,28, 1.000000) (68,29, 1.000000) (68,30, 1.000000) (68,31, 1.000000) (68,32, 1.000000) (68,33, 1.000000) (68,34, 1.000000) (68,35, 1.000000) (68,36, 1.000000) (68,37, 0.150000) (69,18, 0.565534) (69,19, 1.000000) (69,20, 1.000000) (69,21, 1.000000) (69,22, 1.000000) (69,23, 1.000000) (69,24, 1.000000) (69,25, 1.000000) (69,26, 1.000000) (69,27, 1.000000) (69,28, 1.000000) (69,29, 1.000000) (69,30, 1.000000) (69,31, 1.000000) (69,32, 1.000000) (69,33, 1.000000) (69,34, 1.000000) (69,35, 1.000000) (69,36, 1.000000) (69,37, 0.150000) (70,18, 0.565534) (70,19, 1.000000) (70,20, 1.000000) (70,21, 1.000000) (70,22, 1.000000) (70,23, 1.000000) (70,24, 1.000000) (70,25, 1.000000) (70,26, 1.000000) (70,27, 1.000000) (70,28, 1.000000) (70,29, 1.000000) (70,30, 1.000000) (70,31, 1.000000) (70,32, 1.000000) (70,33, 1.000000) (70,34, 1.000000) (70,35, 1.000000) (70,36, 1.000000) (70,37, 0.150000) (71,18, 0.565534) (71,19, 1.000000) (71,20, 1.000000) (71,21, 1.000000) (71,22, 1.000000) (71,23, 1.000000) (71,24, 1.000000) (71,25, 1.000000) (71,26, 1.000000) (71,27, 1.000000) (71,28, 1.000000) (71,29, 1.000000) (71,30, 1.000000) (71,31, 1.000000) (71,32, 1.000000) (71,33, 1.000000) (71,34, 1.000000) (71,35, 1.000000) (71,36, 1.000000) (71,37, 0.150000) (72,18, 0.565534) (72,19, 1.000000) (72,20, 1.000000) (72,21, 1.000000) (72,22, 1.000000) (72,23, 1.000000) (72,24, 1.000000) (72,25, 1.000000) (72,26, 1.000000) (72,27, 1.000000) (72,28, 1.000000) (72,29, 1.000000) (72,30, 1.000000) (72,31, 1.000000) (72,32, 1.000000) (72,33, 1.000000) (72,34, 1.000000) (72,35, 1.000000) (72,36, 1.000000) (72,37, 0.150000) (73,18, 0.565534) (73,19, 1.000000) (73,20, 1.000000) (73,21, 1.000000) (73,22, 1.000000) (73,23, 1.000000) (73,24, 1.000000) (73,25, 1.000000) (73,26, 1.000000) (73,27, 1.000000) (73,28, 1.000000) (73,29, 1.000000) (73,30, 1.000000) (73,31, 1.000000) (73,32, 1.000000) (73,33, 1.000000) (73,34, 1.000000) (73,35, 1.000000) (73,36, 1.000000) (73,37, 0.150000) (74,18, 0.093066) (74,19, 0.164563) (74,20, 0.164563) (74,21, 0.164563) (74,22, 0.164563) (74,23, 0.164563) (74,24, 0.164563) (74,25, 0.164563) (74,26, 0.164563) (74,27, 0.164563) (74,28, 0.164563) (74,29, 0.164563) (74,30, 0.164563) (74,31, 0.164563) (74,32, 0.164563) (74,33, 0.164563) (74,34, 0.164563) (74,35, 0.164563) (74,36, 0.164563) (74,37, 0.024684)
o68 20 (23,31, 0.061010) (23,32, 0.062621) (23,33, 0.062621) (23,34, 0.029152) (24,31, 0.974272) (24,32, 1.000000) (24,33, 1.000000) (24,34, 0.465534) (25,31, 0.974272) (25,32, 1.000000) (25,33, 1.000000) (25,34, 0.465534) (26,31, 0.974272) (26,32, 1.000000) (26,33, 1.000000) (26,34, 0.465534) (27,31, 0.367480) (27,32, 0.377184) (27,33, 0.377184) (27,34, 0.175592)
o69 36 (72,18, 0.430904) (72,19, 0.761942) (72,20, 0.761942) (72,21, 0.761942) (72,22, 0.761942) (72,23, 0.761942) (72,24, 0.761942) (72,25, 0.761942) (72,26, 0.737160) (73,18, 0.565534) (73,19, 1.000000) (73,20, 1.000000) (73,21, 1.000000) (73,22, 1.000000) (73,23, 1.000000) (73,24, 1.000000) (73,25, 1.000000) (73,26, 0.967476) (74,18, 0.565534) (74,19, 1.000000) (74,20, 1.000000) (74,21, 1.000000) (74,22, 1.000000) (74,23, 1.000000) (74,24, 1.000000) (74,25, 1.000000) (74,26, 0.967476) (75,18, 0.149619) (75,19, 0.264563) (75,20, 0.264563) (75,21, 0.264563) (75,22, 0.264563) (75,23, 0.264563) (75,24, 0.264563) (75,25, 0.264563) (75,26, 0.255958)
o70 77 (72,31, 0.271858) (72,32, 0.761942) (72,33, 0.761942) (72,34, 0.761942) (72,35, 0.761942) (72,36, 0.761942) (72,37, 0.114291) (73,31, 0.356796) (73,32, 1.000000) (73,33, 1.000000) (73,34, 1.000000) (73,35, 1.000000) (73,36, 1.000000) (73,37, 0.150000) (74,31, 0.356796) (74,32, 1.000000) (74,33, 1.000000) (74,34, 1.000000) (74,35, 1.000000) (74,36, 1.000000) (74,37, 0.150000) (75,31, 0.356796) (75,32, 1.000000) (75,33, 1.000000) (75,34, 1.000000) (75,35, 1.000000) (75,36, 1.000000) (75,37, 0.150000) (76,31, 0.356796) (76,32, 1.000000) (76,33, 1.000000) (76,34, 1.000000) (76,35, 1.000000) (76,36, 1.000000) (76,37, 0.150000) (77,31, 0.356796) (77,32, 1.000000) (77,33, 1.000000) (77,34, 1.000000) (77,35, 1.000000) (77,36, 1.000000) (77,37, 0.150000) (78,31, 0.356796) (78,32, 1.000000) (78,33, 1.000000) (78,34, 1.000000) (78,35, 1.000000) (78,36, 1.000000) (78,37, 0.150000) (79,31, 0.356796) (79,32, 1.000000) (79,33, 1.000000) (79,34, 1.000000) (79,35, 1.000000) (79,36, 1.000000) (79,37, 0.150000) (80,31, 0.356796) (80,32, 1.000000) (80,33, 1.000000) (80,34, 1.000000) (80,35, 1.000000) (80,36, 1.000000) (80,37, 0.150000) (81,31, 0.356796) (81,32, 1.000000) (81,33, 1.000000) (81,34, 1.000000) (81,35, 1.000000) (81,36, 1.000000) (81,37, 0.150000) (82,31, 0.150166) (82,32, 0.420874) (82,33, 0.420874) (82,34, 0.420874) (82,35, 0.420874) (82,36, 0.420874) (82,37, 0.063131)
o71 54 (74,18, 0.021540) (74,19, 0.038087) (74,20, 0.038087) (74,21, 0.038087) (74,22, 0.038087) (74,23, 0.035702) (75,18, 0.565534) (75,19, 1.000000) (75,20, 1.000000) (75,21, 1.000000) (75,22, 1.000000) (75,23, 0.937379) (76,18, 0.565534) (76,19, 1.000000) (76,20, 1.000000) (76,21, 1.000000) (76,22, 1.000000) (76,23, 0.937379) (77,18, 0.565534) (77,19, 1.000000) (77,20, 1.000000) (77,21, 1.000000) (77,22, 1.000000) (77,23, 0.937379) (78,18, 0.565534) (78,19, 1.000000) (78,20, 1.000000) (78,21, 1.000000) (78,22, 1.000000) (78,23, 0.937379) (79,18, 0.565534) (79,19, 1.000000) (79,20, 1.000000) (79,21, 1.000000) (79,22, 1.000000) (79,23, 0.937379) (80,18, 0.565534) (80,19, 1.000000) (80,20, 1.000000) (80,21, 1.000000) (80,22, 1.000000) (80,23, 0.937379) (81,18, 0.565534) (81,19, 1.000000) (81,20, 1.000000) (81,21, 1.000000) (81,22, 1.000000) (81,23, 0.937379) (82,18, 0.238018) (82,19, 0.420874) (82,20, 0.420874) (82,21, 0.420874) (82,22, 0.420874) (82,23, 0.394518)
o72 60 (27,32, 0.512026) (27,33, 0.019242) (28,32, 0.529612) (28,33, 0.019903) (29,32, 0.529612) (29,33, 0.019903) (30,32, 0.529612) (30,33, 0.019903) (31,32, 0.529612) (31,33, 0.019903) (32,32, 0.529612) (32,33, 0.019903) (33,32, 0.529612) (33,33, 0.019903) (34,32, 0.529612) (34,33, 0.019903) (35,32, 0.529612) (35,33, 0.019903) (36,32, 0.529612) (36,33, 0.019903) (37,32, 0.529612) (37,33, 0.019903) (38,32, 0.529612) (38,33, 0.019903) (39,32, 0.529612) (39,33, 0.019903) (40,32, 0.529612) (40,33, 0.019903) (41,32, 0.529612) (41,33, 0.019903) (42,32, 0.529612) (42,33, 0.019903) (43,32, 0.529612) (43,33, 0.019903) (44,32, 0.529612) (44,33, 0.019903) (45,32, 0.529612) (45,33, 0.019903) (46,32, 0.529612) (46,33, 0.019903) (47,32, 0.529612) (47,33, 0.019903) (48,32, 0.529612) (48,33, 0.019903) (49,32, 0.529612) (49,33, 0.019903) (50,32, 0.529612) (50,33, 0.019903) (51,32, 0.529612) (51,33, 0.019903) (52,32, 0.529612) (52,33, 0.019903) (53,32, 0.529612) (53,33, 0.019903) (54,32, 0.529612) (54,33, 0.019903) (55,32, 0.529612) (55,33, 0.019903) (56,32, 0.437470) (56,33, 0.016440)
FIN
