217 43 0.962000
o1 35 (12,23, 0.371743) (13,23, 0.593555) (14,23, 0.593555) (15,23, 0.593555) (16,23, 0.593555) (17,23, 0.593555) (18,23, 0.593555) (19,23, 0.593555) (20,23, 0.593555) (21,23, 0.593555) (22,23, 0.593555) (23,23, 0.593555) (24,23, 0.593555) (25,23, 0.593555) (26,23, 0.593555) (27,23, 0.593555) (28,23, 0.593555) (29,23, 0.593555) (30,23, 0.593555) (31,23, 0.593555) (32,23, 0.593555) (33,23, 0.593555) (34,23, 0.593555) (35,23, 0.593555) (36,23, 0.593555) (37,23, 0.593555) (38,23, 0.593555) (39,23, 0.593555) (40,23, 0.593555) (41,23, 0.593555) (42,23, 0.593555) (43,23, 0.593555) (44,23, 0.593555) (45,23, 0.593555) (46,23, 0.339659)
o2 25 (10,25, 0.037692) (10,26, 0.173077) (10,27, 0.173077) (10,28, 0.173077) (10,29, 0.080511) (11,25, 0.217775) (11,26, 1.000000) (11,27, 1.000000) (11,28, 1.000000) (11,29, 0.465177) (12,25, 0.217775) (12,26, 1.000000) (12,27, 1.000000) (12,28, 1.000000) (12,29, 0.465177) (13,25, 0.217775) (13,26, 1.000000) (13,27, 1.000000) (13,28, 1.000000) (13,29, 0.465177) (14,25, 0.111038) (14,26, 0.509875) (14,27, 0.509875) (14,28, 0.509875) (14,29, 0.237182)
o3 49 (102,26, 0.580281) (102,27, 0.680353) (102,28, 0.680353) (102,29, 0.680353) (102,30, 0.680353) (102,31, 0.680353) (102,32, 0.029350) (103,26, 0.852911) (103,27, 1.000000) (103,28, 1.000000) (103,29, 1.000000) (103,30, 1.000000) (103,31, 1.000000) (103,32, 0.043139) (104,26, 0.852911) (104,27, 1.000000) (104,28, 1.000000) (104,29, 1.000000) (104,30, 1.000000) (104,31, 1.000000) (104,32, 0.043139) (105,26, 0.852911) (105,27, 1.000000) (105,28, 1.000000) (105,29, 1.000000) (105,30, 1.000000) (105,31, 1.000000) (105,32, 0.043139) (106,26, 0.852911) (106,27, 1.000000) (106,28, 1.000000) (106,29, 1.000000) (106,30, 1.000000) (106,31, 1.000000) (106,32, 0.043139) (107,26, 0.852911) (107,27, 1.000000) (107,28, 1.000000) (107,29, 1.000000) (107,30, 1.000000) (107,31, 1.000000) (107,32, 0.043139) (108,26, 0.180423) (108,27, 0.211538) (108,28, 0.211538) (108,29, 0.211538) (108,30, 0.211538) (108,31, 0.211538) (108,32, 0.009126)
o4 114 (46,10, 0.114839) (46,11, 0.275544) (47,10, 0.173077) (47,11, 0.415281) (48,10, 0.173077) (48,11, 0.415281) (49,10, 0.173077) (49,11, 0.415281) (50,10, 0.173077) (50,11, 0.415281) (51,10, 0.173077) (51,11, 0.415281) (52,10, 0.173077) (52,11, 0.415281) (53,10, 0.173077) (53,11, 0.415281) (54,10, 0.173077) (54,11, 0.415281) (55,10, 0.173077) (55,11, 0.415281) (56,10, 0.173077) (56,11, 0.415281) (57,10, 0.173077) (57,11, 0.415281) (58,10, 0.173077) (58,11, 0.415281) (59,10, 0.173077) (59,11, 0.415281) (60,10, 0.173077) (60,11, 0.415281) (61,10, 0.173077) (61,11, 0.415281) (62,10, 0.173077) (62,11, 0.415281) (63,10, 0.173077) (63,11, 0.415281) (64,10, 0.173077) (64,11, 0.415281) (65,10, 0.173077) (65,11, 0.415281) (66,10, 0.173077) (66,11, 0.415281) (67,10, 0.173077) (67,11, 0.415281) (68,10, 0.173077) (68,11, 0.415281) (69,10, 0.173077) (69,11, 0.415281) (70,10, 0.173077) (70,11, 0.415281) (71,10, 0.173077) (71,11, 0.415281) (72,10, 0.173077) (72,11, 0.415281) (73,10, 0.173077) (73,11, 0.415281) (74,10, 0.173077) (74,11, 0.415281) (75,10, 0.173077) (75,11, 0.415281) (76,10, 0.173077) (76,11, 0.415281) (77,10, 0.173077) (77,11, 0.415281) (78,10, 0.173077) (78,11, 0.415281) (79,10, 0.173077) (79,11, 0.415281) (80,10, 0.173077) (80,11, 0.415281) (81,10, 0.173077) (81,11, 0.415281) (82,10, 0.173077) (82,11, 0.415281) (83,10, 0.173077) (83,11, 0.415281) (84,10, 0.173077) (84,11, 0.415281) (85,10, 0.173077) (85,11, 0.415281) (86,10, 0.173077) (86,11, 0.415281) (87,10, 0.173077) (87,11, 0.415281) (88,10, 0.173077) (88,11, 0.415281) (89,10, 0.173077) (89,11, 0.415281) (90,10, 0.173077) (90,11, 0.415281) (91,10, 0.173077) (91,11, 0.415281) (92,10, 0.173077) (92,11, 0.415281) (93,10, 0.173077) (93,11, 0.415281) (94,10, 0.173077) (94,11, 0.415281) (95,10, 0.173077) (95,11, 0.415281) (96,10, 0.173077) (96,11, 0.415281) (97,10, 0.173077) (97,11, 0.415281) (98,10, 0.173077) (98,11, 0.415281) (99,10, 0.173077) (99,11, 0.415281) (100,10, 0.173077) (100,11, 0.415281) (101,10, 0.173077) (101,11, 0.415281) (102,10, 0.157155) (102,11, 0.377077)
o5 28 (45,10, 0.002969) (45,11, 0.017152) (45,12, 0.017152) (45,13, 0.017152) (45,14, 0.017152) (45,15, 0.017152) (45,16, 0.017152) (45,17, 0.017152) (45,18, 0.017152) (45,19, 0.017152) (45,20, 0.017152) (45,21, 0.017152) (45,22, 0.017152) (45,23, 0.004563) (46,10, 0.099042) (46,11, 0.572245) (46,12, 0.572245) (46,13, 0.572245) (46,14, 0.572245) (46,15, 0.572245) (46,16, 0.572245) (46,17, 0.572245) (46,18, 0.572245) (46,19, 0.572245) (46,20, 0.572245) (46,21, 0.572245) (46,22, 0.572245) (46,23, 0.152222)
o6 9 (102,24, 0.020156) (102,25, 0.680353) (102,26, 0.501213) (103,24, 0.029626) (103,25, 1.000000) (103,26, 0.736694) (104,24, 0.028656) (104,25, 0.967256) (104,26, 0.712572)
o7 4 (12,23, 0.362645) (12,24, 0.589397) (12,25, 0.589397) (12,26, 0.088716)
o8 9 (107,26, 0.322102) (107,27, 0.377651) (107,28, 0.303259) (108,26, 0.852911) (108,27, 1.000000) (108,28, 0.803015) (109,26, 0.328486) (109,27, 0.385135) (109,28, 0.309269)
o9 8 (101,29, 0.522269) (101,30, 0.858108) (101,31, 0.858108) (101,32, 0.037018) (102,29, 0.553143) (102,30, 0.908836) (102,31, 0.908836) (102,32, 0.039207)
o10 12 (105,31, 0.240570) (105,32, 0.440229) (105,33, 0.097244) (106,31, 0.546466) (106,32, 1.000000) (106,33, 0.220894) (107,31, 0.546466) (107,32, 1.000000) (107,33, 0.220894) (108,31, 0.115599) (108,32, 0.211538) (108,33, 0.046728)
o11 15 (102,11, 0.482490) (102,12, 0.588358) (102,13, 0.588358) (102,14, 0.588358) (102,15, 0.588358) (102,16, 0.588358) (102,17, 0.588358) (102,18, 0.588358) (102,19, 0.588358) (102,20, 0.588358) (102,21, 0.588358) (102,22, 0.588358) (102,23, 0.588358) (102,24, 0.588358) (102,25, 0.259501)
o12 35 (171,23, 0.227365) (172,23, 0.593555) (173,23, 0.593555) (174,23, 0.593555) (175,23, 0.593555) (176,23, 0.593555) (177,23, 0.593555) (178,23, 0.593555) (179,23, 0.593555) (180,23, 0.593555) (181,23, 0.593555) (182,23, 0.593555) (183,23, 0.593555) (184,23, 0.593555) (185,23, 0.593555) (186,23, 0.593555) (187,23, 0.593555) (188,23, 0.593555) (189,23, 0.593555) (190,23, 0.593555) (191,23, 0.593555) (192,23, 0.593555) (193,23, 0.593555) (194,23, 0.593555) (195,23, 0.593555) (196,23, 0.593555) (197,23, 0.593555) (198,23, 0.593555) (199,23, 0.593555) (200,23, 0.593555) (201,23, 0.593555) (202,23, 0.593555) (203,23, 0.593555) (204,23, 0.593555) (205,23, 0.485888)
o13 25 (203,25, 0.069158) (203,26, 0.317568) (203,27, 0.317568) (203,28, 0.317568) (203,29, 0.147725) (204,25, 0.217775) (204,26, 1.000000) (204,27, 1.000000) (204,28, 1.000000) (204,29, 0.465177) (205,25, 0.217775) (205,26, 1.000000) (205,27, 1.000000) (205,28, 1.000000) (205,29, 0.465177) (206,25, 0.217775) (206,26, 1.000000) (206,27, 1.000000) (206,28, 1.000000) (206,29, 0.465177) (207,25, 0.079572) (207,26, 0.365385) (207,27, 0.365385) (207,28, 0.365385) (207,29, 0.169968)
o14 49 (109,26, 0.015516) (109,27, 0.018191) (109,28, 0.018191) (109,29, 0.018191) (109,30, 0.018191) (109,31, 0.018191) (109,32, 0.000785) (110,26, 0.852911) (110,27, 1.000000) (110,28, 1.000000) (110,29, 1.000000) (110,30, 1.000000) (110,31, 1.000000) (110,32, 0.043139) (111,26, 0.852911) (111,27, 1.000000) (111,28, 1.000000) (111,29, 1.000000) (111,30, 1.000000) (111,31, 1.000000) (111,32, 0.043139) (112,26, 0.852911) (112,27, 1.000000) (112,28, 1.000000) (112,29, 1.000000) (112,30, 1.000000) (112,31, 1.000000) (112,32, 0.043139) (113,26, 0.852911) (113,27, 1.000000) (113,28, 1.000000) (113,29, 1.000000) (113,30, 1.000000) (113,31, 1.000000) (113,32, 0.043139) (114,26, 0.852911) (114,27, 1.000000) (114,28, 1.000000) (114,29, 1.000000) (114,30, 1.000000) (114,31, 1.000000) (114,32, 0.043139) (115,26, 0.745189) (115,27, 0.873701) (115,28, 0.873701) (115,29, 0.873701) (115,30, 0.873701) (115,31, 0.873701) (115,32, 0.037691)
o15 32 (109,10, 0.003148) (109,11, 0.018191) (109,12, 0.018191) (109,13, 0.018191) (109,14, 0.018191) (109,15, 0.018191) (109,16, 0.018191) (109,17, 0.018191) (109,18, 0.018191) (109,19, 0.018191) (109,20, 0.018191) (109,21, 0.018191) (109,22, 0.018191) (109,23, 0.018191) (109,24, 0.018191) (109,25, 0.008023) (110,10, 0.098683) (110,11, 0.570166) (110,12, 0.570166) (110,13, 0.570166) (110,14, 0.570166) (110,15, 0.570166) (110,16, 0.570166) (110,17, 0.570166) (110,18, 0.570166) (110,19, 0.570166) (110,20, 0.570166) (110,21, 0.570166) (110,22, 0.570166) (110,23, 0.570166) (110,24, 0.570166) (110,25, 0.251478)
o16 28 (171,10, 0.066298) (171,11, 0.383056) (171,12, 0.383056) (171,13, 0.383056) (171,14, 0.383056) (171,15, 0.383056) (171,16, 0.383056) (171,17, 0.383056) (171,18, 0.383056) (171,19, 0.383056) (171,20, 0.383056) (171,21, 0.383056) (171,22, 0.383056) (171,23, 0.101896) (172,10, 0.036253) (172,11, 0.209459) (172,12, 0.209459) (172,13, 0.209459) (172,14, 0.209459) (172,15, 0.209459) (172,16, 0.209459) (172,17, 0.209459) (172,18, 0.209459) (172,19, 0.209459) (172,20, 0.209459) (172,21, 0.209459) (172,22, 0.209459) (172,23, 0.055718)
o17 12 (109,24, 0.000539) (109,25, 0.018191) (109,26, 0.013401) (110,24, 0.029626) (110,25, 1.000000) (110,26, 0.736694) (111,24, 0.029626) (111,25, 1.000000) (111,26, 0.736694) (112,24, 0.018770) (112,25, 0.633576) (112,26, 0.466752)
o18 4 (205,23, 0.362005) (205,24, 0.588358) (205,25, 0.588358) (205,26, 0.088559)
o19 9 (115,26, 0.610248) (115,27, 0.715489) (115,28, 0.574548) (116,26, 0.852911) (116,27, 1.000000) (116,28, 0.803015) (117,26, 0.043887) (117,27, 0.051455) (117,28, 0.041319)
o20 12 (108,29, 0.121789) (108,30, 0.200104) (108,31, 0.200104) (108,32, 0.008632) (109,29, 0.608628) (109,30, 1.000000) (109,31, 1.000000) (109,32, 0.043139) (110,29, 0.347525) (110,30, 0.570998) (110,31, 0.570998) (110,32, 0.024632)
o21 9 (113,31, 0.425187) (113,32, 0.778067) (113,33, 0.171870) (114,31, 0.546466) (114,32, 1.000000) (114,33, 0.220894) (115,31, 0.477447) (115,32, 0.873701) (115,33, 0.192995)
o22 124 (110,10, 0.115127) (110,11, 0.276235) (111,10, 0.173077) (111,11, 0.415281) (112,10, 0.173077) (112,11, 0.415281) (113,10, 0.173077) (113,11, 0.415281) (114,10, 0.173077) (114,11, 0.415281) (115,10, 0.173077) (115,11, 0.415281) (116,10, 0.173077) (116,11, 0.415281) (117,10, 0.173077) (117,11, 0.415281) (118,10, 0.173077) (118,11, 0.415281) (119,10, 0.173077) (119,11, 0.415281) (120,10, 0.173077) (120,11, 0.415281) (121,10, 0.173077) (121,11, 0.415281) (122,10, 0.173077) (122,11, 0.415281) (123,10, 0.173077) (123,11, 0.415281) (124,10, 0.173077) (124,11, 0.415281) (125,10, 0.173077) (125,11, 0.415281) (126,10, 0.173077) (126,11, 0.415281) (127,10, 0.173077) (127,11, 0.415281) (128,10, 0.173077) (128,11, 0.415281) (129,10, 0.173077) (129,11, 0.415281) (130,10, 0.173077) (130,11, 0.415281) (131,10, 0.173077) (131,11, 0.415281) (132,10, 0.173077) (132,11, 0.415281) (133,10, 0.173077) (133,11, 0.415281) (134,10, 0.173077) (134,11, 0.415281) (135,10, 0.173077) (135,11, 0.415281) (136,10, 0.173077) (136,11, 0.415281) (137,10, 0.173077) (137,11, 0.415281) (138,10, 0.173077) (138,11, 0.415281) (139,10, 0.173077) (139,11, 0.415281) (140,10, 0.173077) (140,11, 0.415281) (141,10, 0.173077) (141,11, 0.415281) (142,10, 0.173077) (142,11, 0.415281) (143,10, 0.173077) (143,11, 0.415281) (144,10, 0.173077) (144,11, 0.415281) (145,10, 0.173077) (145,11, 0.415281) (146,10, 0.173077) (146,11, 0.415281) (147,10, 0.173077) (147,11, 0.415281) (148,10, 0.173077) (148,11, 0.415281) (149,10, 0.173077) (149,11, 0.415281) (150,10, 0.173077) (150,11, 0.415281) (151,10, 0.173077) (151,11, 0.415281) (152,10, 0.173077) (152,11, 0.415281) (153,10, 0.173077) (153,11, 0.415281) (154,10, 0.173077) (154,11, 0.415281) (155,10, 0.173077) (155,11, 0.415281) (156,10, 0.173077) (156,11, 0.415281) (157,10, 0.173077) (157,11, 0.415281) (158,10, 0.173077) (158,11, 0.415281) (159,10, 0.173077) (159,11, 0.415281) (160,10, 0.173077) (160,11, 0.415281) (161,10, 0.173077) (161,11, 0.415281) (162,10, 0.173077) (162,11, 0.415281) (163,10, 0.173077) (163,11, 0.415281) (164,10, 0.173077) (164,11, 0.415281) (165,10, 0.173077) (165,11, 0.415281) (166,10, 0.173077) (166,11, 0.415281) (167,10, 0.173077) (167,11, 0.415281) (168,10, 0.173077) (168,11, 0.415281) (169,10, 0.173077) (169,11, 0.415281) (170,10, 0.173077) (170,11, 0.415281) (171,10, 0.147799) (171,11, 0.354629)
FIN
